@8000
00 00 00 00 00 00 00 00 00 00 00 00 00 00 00 00 
00 00 00 00 00 00 00 00 00 00 00 00 00 00 00 00 
00 00 00 00 00 00 00 00 00 00 00 00 00 00 00 00 
00 00 00 00 00 00 00 00 00 00 00 00 00 00 00 00 
00 00 00 00 00 00 00 00 00 00 00 00 00 00 00 00 
00 00 00 00 00 00 00 00 00 00 00 00 00 00 00 00 
00 00 00 00 00 00 00 00 00 00 00 00 00 00 00 00 
00 00 00 00 00 00 00 00 00 00 00 00 00 00 00 00 
00 00 00 00 00 00 00 00 00 00 00 00 00 00 00 00 
00 00 00 00 00 00 00 00 00 00 00 00 00 00 00 00 
00 00 00 00 00 00 00 00 00 00 00 00 00 00 00 00 
00 00 00 00 00 00 00 00 00 00 00 00 00 00 00 00 
00 00 00 00 00 00 00 00 00 00 00 00 00 00 00 00 
00 00 00 00 00 00 00 00 00 00 00 00 00 00 00 00 
00 00 00 00 00 00 00 00 00 00 00 00 00 00 00 00 
00 00 00 00 00 00 00 00 00 00 00 00 00 00 00 00 
00 00 00 00 00 00 00 00 00 00 00 00 00 00 00 00 
00 00 00 00 00 00 00 00 00 00 00 00 00 00 00 00 
00 00 00 00 00 00 00 00 00 00 00 00 00 00 00 00 
00 00 00 00 00 00 00 00 00 00 00 00 00 00 00 00 
00 00 00 00 00 00 00 00 00 00 00 00 00 00 00 00 
00 00 00 00 00 00 00 00 00 00 00 00 00 00 00 00 
00 00 00 00 00 00 00 00 00 00 00 00 00 00 00 00 
00 00 00 00 00 00 00 00 00 00 00 00 00 00 00 00 
00 00 00 00 00 00 00 00 00 00 00 00 00 00 00 00 
00 00 00 00 00 00 00 00 00 00 00 00 00 00 00 00 
00 00 00 00 00 00 00 00 00 00 00 00 00 00 00 00 
00 00 00 00 00 00 00 00 00 00 00 00 00 00 00 00 
00 00 00 00 00 00 00 00 00 00 00 00 00 00 00 00 
00 00 00 00 00 00 00 00 00 00 00 00 00 00 00 00 
00 00 00 00 00 00 00 00 00 00 00 00 00 00 00 00 
00 00 00 00 00 00 00 00 00 00 00 00 00 00 00 00 
00 00 00 00 00 00 00 00 00 00 00 00 00 00 00 00 
00 00 00 00 00 00 00 00 00 00 00 00 00 00 00 00 
00 00 00 00 00 00 00 00 00 00 00 00 00 00 00 00 
00 00 00 00 00 00 00 00 00 00 00 00 00 00 00 00 
00 00 00 00 00 00 00 00 00 00 00 00 00 00 00 00 
00 00 00 00 00 00 00 00 00 00 00 00 00 00 00 00 
00 00 00 00 00 00 00 00 00 00 00 00 00 00 00 00 
00 00 00 00 00 00 00 00 00 00 00 00 00 00 00 00 
00 00 00 00 00 00 00 00 00 00 00 00 00 00 00 00 
00 00 00 00 00 00 00 00 00 00 00 00 00 00 00 00 
00 00 00 00 00 00 00 00 00 00 00 00 00 00 00 00 
00 00 00 00 00 00 00 00 00 00 00 00 00 00 00 00 
00 00 00 00 00 00 00 00 00 00 00 00 00 00 00 00 
00 00 00 00 00 00 00 00 00 00 00 00 00 00 00 00 
00 00 00 00 00 00 00 00 00 00 00 00 00 00 00 00 
00 00 00 00 00 00 00 00 00 00 00 00 00 00 00 00 
00 00 00 00 00 00 00 00 00 00 00 00 00 00 00 00 
00 00 00 00 00 00 00 00 00 00 00 00 00 00 00 00 
00 00 00 00 00 00 00 00 00 00 00 00 00 00 00 00 
00 00 00 00 00 00 00 00 00 00 00 00 00 00 00 00 
00 00 00 00 00 00 00 00 00 00 00 00 00 00 00 00 
00 00 00 00 00 00 00 00 00 00 00 00 00 00 00 00 
00 00 00 00 00 00 00 00 00 00 00 00 00 00 00 00 
00 00 00 00 00 00 00 00 00 00 00 00 00 00 00 00 
00 00 00 00 00 00 00 00 00 00 00 00 00 00 00 00 
00 00 00 00 00 00 00 00 00 00 00 00 00 00 00 00 
00 00 00 00 00 00 00 00 00 00 00 00 00 00 00 00 
00 00 00 00 00 00 00 00 00 00 00 00 00 00 00 00 
00 00 00 00 00 00 00 00 00 00 00 00 00 00 00 00 
00 00 00 00 00 00 00 00 00 00 00 00 00 00 00 00 
00 00 00 00 00 00 00 00 00 00 00 00 00 00 00 00 
00 00 00 00 00 00 00 00 00 00 00 00 00 00 00 00 
00 00 00 00 00 00 00 00 00 00 00 00 00 00 00 00 
00 00 00 00 00 00 00 00 00 00 00 00 00 00 00 00 
00 00 00 00 00 00 00 00 00 00 00 00 00 00 00 00 
00 00 00 00 00 00 00 00 00 00 00 00 00 00 00 00 
00 00 00 00 00 00 00 00 00 00 00 00 00 00 00 00 
00 00 00 00 00 00 00 00 00 00 00 00 00 00 00 00 
00 00 00 00 00 00 00 00 00 00 00 00 00 00 00 00 
00 00 00 00 00 00 00 00 00 00 00 00 00 00 00 00 
00 00 00 00 00 00 00 00 00 00 00 00 00 00 00 00 
00 00 00 00 00 00 00 00 00 00 00 00 00 00 00 00 
00 00 00 00 00 00 00 00 00 00 00 00 00 00 00 00 
00 00 00 00 00 00 00 00 00 00 00 00 00 00 00 00 
00 00 00 00 00 00 00 00 00 00 00 00 00 00 00 00 
00 00 00 00 00 00 00 00 00 00 00 00 00 00 00 00 
00 00 00 00 00 00 00 00 00 00 00 00 00 00 00 00 
00 00 00 00 00 00 00 00 00 00 00 00 00 00 00 00 
00 00 00 00 00 00 00 00 00 00 00 00 00 00 00 00 
00 00 00 00 00 00 00 00 00 00 00 00 00 00 00 00 
00 00 00 00 00 00 00 00 00 00 00 00 00 00 00 00 
00 00 00 00 00 00 00 00 00 00 00 00 00 00 00 00 
00 00 00 00 00 00 00 00 00 00 00 00 00 00 00 00 
00 00 00 00 00 00 00 00 00 00 00 00 00 00 00 00 
00 00 00 00 00 00 00 00 00 00 00 00 00 00 00 00 
00 00 00 00 00 00 00 00 00 00 00 00 00 00 00 00 
00 00 00 00 00 00 00 00 00 00 00 00 00 00 00 00 
00 00 00 00 00 00 00 00 00 00 00 00 00 00 00 00 
00 00 00 00 00 00 00 00 00 00 00 00 00 00 00 00 
00 00 00 00 00 00 00 00 00 00 00 00 00 00 00 00 
00 00 00 00 00 00 00 00 00 00 00 00 00 00 00 00 
00 00 00 00 00 00 00 00 00 00 00 00 00 00 00 00 
00 00 00 00 00 00 00 00 00 00 00 00 00 00 00 00 
00 00 00 00 00 00 00 00 00 00 00 00 00 00 00 00 
00 00 00 00 00 00 00 00 00 00 00 00 00 00 00 00 
00 00 00 00 00 00 00 00 00 00 00 00 00 00 00 00 
00 00 00 00 00 00 00 00 00 00 00 00 00 00 00 00 
00 00 00 00 00 00 00 00 00 00 00 00 00 00 00 00 
00 00 00 00 00 00 00 00 00 00 00 00 00 00 00 00 
00 00 00 00 00 00 00 00 00 00 00 00 00 00 00 00 
00 00 00 00 00 00 00 00 00 00 00 00 00 00 00 00 
00 00 00 00 00 00 00 00 00 00 00 00 00 00 00 00 
00 00 00 00 00 00 00 00 00 00 00 00 00 00 00 00 
00 00 00 00 00 00 00 00 00 00 00 00 00 00 00 00 
00 00 00 00 00 00 00 00 00 00 00 00 00 00 00 00 
00 00 00 00 00 00 00 00 00 00 00 00 00 00 00 00 
00 00 00 00 00 00 00 00 00 00 00 00 00 00 00 00 
00 00 00 00 00 00 00 00 00 00 00 00 00 00 00 00 
00 00 00 00 00 00 00 00 00 00 00 00 00 00 00 00 
00 00 00 00 00 00 00 00 00 00 00 00 00 00 00 00 
00 00 00 00 00 00 00 00 00 00 00 00 00 00 00 00 
00 00 00 00 00 00 00 00 00 00 00 00 00 00 00 00 
00 00 00 00 00 00 00 00 00 00 00 00 00 00 00 00 
00 00 00 00 00 00 00 00 00 00 00 00 00 00 00 00 
00 00 00 00 00 00 00 00 00 00 00 00 00 00 00 00 
00 00 00 00 00 00 00 00 00 00 00 00 00 00 00 00 
00 00 00 00 00 00 00 00 00 00 00 00 00 00 00 00 
00 00 00 00 00 00 00 00 00 00 00 00 00 00 00 00 
00 00 00 00 00 00 00 00 00 00 00 00 00 00 00 00 
00 00 00 00 00 00 00 00 00 00 00 00 00 00 00 00 
00 00 00 00 00 00 00 00 00 00 00 00 00 00 00 00 
00 00 00 00 00 00 00 00 00 00 00 00 00 00 00 00 
00 00 00 00 00 00 00 00 00 00 00 00 00 00 00 00 
00 00 00 00 00 00 00 00 00 00 00 00 00 00 00 00 
00 00 00 00 00 00 00 00 00 00 00 00 00 00 00 00 
00 00 00 00 00 00 00 00 00 00 00 00 00 00 00 00 
00 00 00 00 00 00 00 00 00 00 00 00 00 00 00 00 
00 00 00 00 00 00 00 00 00 00 00 00 00 00 00 00 
00 00 00 00 00 00 00 00 00 00 00 00 00 00 00 00 
00 00 00 00 00 00 00 00 00 00 00 00 00 00 00 00 
00 00 00 00 00 00 00 00 00 00 00 00 00 00 00 00 
00 00 00 00 00 00 00 00 00 00 00 00 00 00 00 00 
00 00 00 00 00 00 00 00 00 00 00 00 00 00 00 00 
00 00 00 00 00 00 00 00 00 00 00 00 00 00 00 00 
00 00 00 00 00 00 00 00 00 00 00 00 00 00 00 00 
00 00 00 00 00 00 00 00 00 00 00 00 00 00 00 00 
00 00 00 00 00 00 00 00 00 00 00 00 00 00 00 00 
00 00 00 00 00 00 00 00 00 00 00 00 00 00 00 00 
00 00 00 00 00 00 00 00 00 00 00 00 00 00 00 00 
00 00 00 00 00 00 00 00 00 00 00 00 00 00 00 00 
00 00 00 00 00 00 00 00 00 00 00 00 00 00 00 00 
00 00 00 00 00 00 00 00 00 00 00 00 00 00 00 00 
00 00 00 00 00 00 00 00 00 00 00 00 00 00 00 00 
00 00 00 00 00 00 00 00 00 00 00 00 00 00 00 00 
00 00 00 00 00 00 00 00 00 00 00 00 00 00 00 00 
00 00 00 00 00 00 00 00 00 00 00 00 00 00 00 00 
00 00 00 00 00 00 00 00 00 00 00 00 00 00 00 00 
00 00 00 00 00 00 00 00 00 00 00 00 00 00 00 00 
00 00 00 00 00 00 00 00 00 00 00 00 00 00 00 00 
00 00 00 00 00 00 00 00 00 00 00 00 00 00 00 00 
00 00 00 00 00 00 00 00 00 00 00 00 00 00 00 00 
00 00 00 00 00 00 00 00 00 00 00 00 00 00 00 00 
00 00 00 00 00 00 00 00 00 00 00 00 00 00 00 00 
00 00 00 00 00 00 00 00 00 00 00 00 00 00 00 00 
00 00 00 00 00 00 00 00 00 00 00 00 00 00 00 00 
00 00 00 00 00 00 00 00 00 00 00 00 00 00 00 00 
00 00 00 00 00 00 00 00 00 00 00 00 00 00 00 00 
00 00 00 00 00 00 00 00 00 00 00 00 00 00 00 00 
00 00 00 00 00 00 00 00 00 00 00 00 00 00 00 00 
00 00 00 00 00 00 00 00 00 00 00 00 00 00 00 00 
00 00 00 00 00 00 00 00 00 00 00 00 00 00 00 00 
00 00 00 00 00 00 00 00 00 00 00 00 00 00 00 00 
00 00 00 00 00 00 00 00 00 00 00 00 00 00 00 00 
00 00 00 00 00 00 00 00 00 00 00 00 00 00 00 00 
00 00 00 00 00 00 00 00 00 00 00 00 00 00 00 00 
00 00 00 00 00 00 00 00 00 00 00 00 00 00 00 00 
00 00 00 00 00 00 00 00 00 00 00 00 00 00 00 00 
00 00 00 00 00 00 00 00 00 00 00 00 00 00 00 00 
00 00 00 00 00 00 00 00 00 00 00 00 00 00 00 00 
00 00 00 00 00 00 00 00 00 00 00 00 00 00 00 00 
00 00 00 00 00 00 00 00 00 00 00 00 00 00 00 00 
00 00 00 00 00 00 00 00 00 00 00 00 00 00 00 00 
00 00 00 00 00 00 00 00 00 00 00 00 00 00 00 00 
00 00 00 00 00 00 00 00 00 00 00 00 00 00 00 00 
00 00 00 00 00 00 00 00 00 00 00 00 00 00 00 00 
00 00 00 00 00 00 00 00 00 00 00 00 00 00 00 00 
00 00 00 00 00 00 00 00 00 00 00 00 00 00 00 00 
00 00 00 00 00 00 00 00 00 00 00 00 00 00 00 00 
00 00 00 00 00 00 00 00 00 00 00 00 00 00 00 00 
00 00 00 00 00 00 00 00 00 00 00 00 00 00 00 00 
00 00 00 00 00 00 00 00 00 00 00 00 00 00 00 00 
00 00 00 00 00 00 00 00 00 00 00 00 00 00 00 00 
00 00 00 00 00 00 00 00 00 00 00 00 00 00 00 00 
00 00 00 00 00 00 00 00 00 00 00 00 00 00 00 00 
00 00 00 00 00 00 00 00 00 00 00 00 00 00 00 00 
00 00 00 00 00 00 00 00 00 00 00 00 00 00 00 00 
00 00 00 00 00 00 00 00 00 00 00 00 00 00 00 00 
00 00 00 00 00 00 00 00 00 00 00 00 00 00 00 00 
00 00 00 00 00 00 00 00 00 00 00 00 00 00 00 00 
00 00 00 00 00 00 00 00 00 00 00 00 00 00 00 00 
00 00 00 00 00 00 00 00 00 00 00 00 00 00 00 00 
00 00 00 00 00 00 00 00 00 00 00 00 00 00 00 00 
00 00 00 00 00 00 00 00 00 00 00 00 00 00 00 00 
00 00 00 00 00 00 00 00 00 00 00 00 00 00 00 00 
00 00 00 00 00 00 00 00 00 00 00 00 00 00 00 00 
00 00 00 00 00 00 00 00 00 00 00 00 00 00 00 00 
00 00 00 00 00 00 00 00 00 00 00 00 00 00 00 00 
00 00 00 00 00 00 00 00 00 00 00 00 00 00 00 00 
00 00 00 00 00 00 00 00 00 00 00 00 00 00 00 00 
00 00 00 00 00 00 00 00 00 00 00 00 00 00 00 00 
00 00 00 00 00 00 00 00 00 00 00 00 00 00 00 00 
00 00 00 00 00 00 00 00 00 00 00 00 00 00 00 00 
00 00 00 00 00 00 00 00 00 00 00 00 00 00 00 00 
00 00 00 00 00 00 00 00 00 00 00 00 00 00 00 00 
00 00 00 00 00 00 00 00 00 00 00 00 00 00 00 00 
00 00 00 00 00 00 00 00 00 00 00 00 00 00 00 00 
00 00 00 00 00 00 00 00 00 00 00 00 00 00 00 00 
00 00 00 00 00 00 00 00 00 00 00 00 00 00 00 00 
00 00 00 00 00 00 00 00 00 00 00 00 00 00 00 00 
00 00 00 00 00 00 00 00 00 00 00 00 00 00 00 00 
00 00 00 00 00 00 00 00 00 00 00 00 00 00 00 00 
00 00 00 00 00 00 00 00 00 00 00 00 00 00 00 00 
00 00 00 00 00 00 00 00 00 00 00 00 00 00 00 00 
00 00 00 00 00 00 00 00 00 00 00 00 00 00 00 00 
00 00 00 00 00 00 00 00 00 00 00 00 00 00 00 00 
00 00 00 00 00 00 00 00 00 00 00 00 00 00 00 00 
00 00 00 00 00 00 00 00 00 00 00 00 00 00 00 00 
00 00 00 00 00 00 00 00 00 00 00 00 00 00 00 00 
00 00 00 00 00 00 00 00 00 00 00 00 00 00 00 00 
00 00 00 00 00 00 00 00 00 00 00 00 00 00 00 00 
00 00 00 00 00 00 00 00 00 00 00 00 00 00 00 00 
00 00 00 00 00 00 00 00 00 00 00 00 00 00 00 00 
00 00 00 00 00 00 00 00 00 00 00 00 00 00 00 00 
00 00 00 00 00 00 00 00 00 00 00 00 00 00 00 00 
00 00 00 00 00 00 00 00 00 00 00 00 00 00 00 00 
00 00 00 00 00 00 00 00 00 00 00 00 00 00 00 00 
00 00 00 00 00 00 00 00 00 00 00 00 00 00 00 00 
00 00 00 00 00 00 00 00 00 00 00 00 00 00 00 00 
00 00 00 00 00 00 00 00 00 00 00 00 00 00 00 00 
00 00 00 00 00 00 00 00 00 00 00 00 00 00 00 00 
00 00 00 00 00 00 00 00 00 00 00 00 00 00 00 00 
00 00 00 00 00 00 00 00 00 00 00 00 00 00 00 00 
00 00 00 00 00 00 00 00 00 00 00 00 00 00 00 00 
00 00 00 00 00 00 00 00 00 00 00 00 00 00 00 00 
00 00 00 00 00 00 00 00 00 00 00 00 00 00 00 00 
00 00 00 00 00 00 00 00 00 00 00 00 00 00 00 00 
00 00 00 00 00 00 00 00 00 00 00 00 00 00 00 00 
00 00 00 00 00 00 00 00 00 00 00 00 00 00 00 00 
00 00 00 00 00 00 00 00 00 00 00 00 00 00 00 00 
00 00 00 00 00 00 00 00 00 00 00 00 00 00 00 00 
00 00 00 00 00 00 00 00 00 00 00 00 00 00 00 00 
00 00 00 00 00 00 00 00 00 00 00 00 00 00 00 00 
00 00 00 00 00 00 00 00 00 00 00 00 00 00 00 00 
00 00 00 00 00 00 00 00 00 00 00 00 00 00 00 00 
00 00 00 00 00 00 00 00 00 00 00 00 00 00 00 00 
00 00 00 00 00 00 00 00 00 00 00 00 00 00 00 00 
00 00 00 00 00 00 00 00 00 00 00 00 00 00 00 00 
00 00 00 00 00 00 00 00 00 00 00 00 00 00 00 00 
00 00 00 00 00 00 00 00 00 00 00 00 00 00 00 00 
00 00 00 00 00 00 00 00 00 00 00 00 00 00 00 00 
00 00 00 00 00 00 00 00 00 00 00 00 00 00 00 00 
00 00 00 00 00 00 00 00 00 00 00 00 00 00 00 00 
00 00 00 00 00 00 00 00 00 00 00 00 00 00 00 00 
00 00 00 00 00 00 00 00 00 00 00 00 00 00 00 00 
02 00 99 00 00 00 00 00 00 00 00 00 00 00 00 00 
00 00 00 00 00 00 00 00 00 00 00 00 00 00 00 00 
00 00 00 00 00 00 00 00 00 00 00 00 00 00 00 00 
00 00 00 00 00 00 00 00 00 00 00 00 00 00 00 00 
00 00 00 00 00 00 00 00 00 00 00 00 00 00 00 00 
00 00 00 00 00 00 00 00 00 00 00 00 20 41 00 00 
C8 42 00 40 1C 46 20 BC BE 4C CA 1B 0E 5A AE C5 
9D 74 00 00 00 00 00 00 00 00 00 00 00 00 00 00 
00 00 00 00 00 00 00 00 00 00 00 00 00 00 00 00 
00 00 EE D6 00 00 EE D6 00 00 00 00 00 00 01 00 
00 00 80 D2 00 00 7C C6 00 00 F4 D4 00 00 00 00 
08 02 00 00 00 90 00 00 08 22 00 00 AE 90 00 00 
00 20 00 00 00 20 20 20 20 20 20 20 20 20 28 28 
28 28 28 20 20 20 20 20 20 20 20 20 20 20 20 20 
20 20 20 20 20 88 10 10 10 10 10 10 10 10 10 10 
10 10 10 10 10 44 44 44 44 44 44 44 44 44 44 10 
10 10 10 10 10 10 41 41 41 41 41 41 01 01 01 01 
01 01 01 01 01 01 01 01 01 01 01 01 01 01 01 01 
10 10 10 10 10 10 42 42 42 42 42 42 02 02 02 02 
02 02 02 02 02 02 02 02 02 02 02 02 02 02 02 02 
10 10 10 10 20 00 00 00 00 00 00 00 00 00 00 00 
00 00 00 00 00 00 00 00 00 00 00 00 00 00 00 00 
00 00 00 00 00 00 00 00 00 00 00 00 00 00 00 00 
00 00 00 00 00 00 00 00 00 00 00 00 00 00 00 00 
00 00 00 00 00 00 00 00 00 00 00 00 00 00 00 00 
00 00 00 00 00 00 00 00 00 00 00 00 00 00 00 00 
00 00 00 00 00 00 00 00 00 00 00 00 00 00 00 00 
00 00 00 00 00 00 00 00 00 00 00 00 00 00 00 00 
00 00 00 00 00 00 73 65 72 76 69 63 65 2E 73 65 
74 00 70 72 6F 64 75 63 74 00 6F 72 67 2E 63 6F 
63 61 2D 63 6F 6C 61 2E 73 6F 64 61 2E 76 65 6E 
64 69 6E 67 2D 6D 61 63 68 69 6E 65 2E 76 32 00 
6D 6F 64 65 00 00 63 6F 6E 74 69 6E 75 6F 75 73 
00 00 63 61 72 64 2E 74 65 6D 70 00 76 61 6C 75 
65 00 63 61 72 64 2E 76 6F 6C 74 61 67 65 00 00 
6E 6F 74 65 2E 61 64 64 00 00 66 69 6C 65 00 00 
73 65 6E 73 6F 72 73 2E 71 6F 00 00 73 74 61 72 
74 00 74 65 6D 70 00 00 76 6F 6C 74 61 67 65 00 
63 6F 75 6E 74 00 62 6F 64 79 00 00 0A 00 74 72 
61 6E 73 61 63 74 69 6F 6E 20 74 69 6D 65 6F 75 
74 00 69 6E 73 75 66 66 69 63 69 65 6E 74 20 6D 
65 6D 6F 72 79 00 74 72 61 6E 73 61 63 74 69 6F 
6E 20 69 6E 63 6F 6D 70 6C 65 74 65 00 00 73 65 
72 69 61 6C 20 63 6F 6D 6D 75 6E 69 63 61 74 69 
6F 6E 73 20 65 72 72 6F 72 00 0A 0A 00 00 65 72 
72 00 63 61 6E 27 74 20 63 6F 6E 76 65 72 74 20 
74 6F 20 4A 53 4F 4E 00 75 6E 72 65 63 6F 67 6E 
69 7A 65 64 20 72 65 73 70 6F 6E 73 65 20 66 72 
6F 6D 20 63 61 72 64 00 72 65 71 00 00 00 00 3F 
CD CC 4C 3D 0A D7 A3 3B 6F 12 03 3A 17 B7 51 38 
AC C5 A7 36 BD 37 06 35 95 BF 56 33 77 CC AB 31 
5F 70 09 30 FF E6 5B 2E 6E 6F 74 65 63 61 72 64 
20 6E 6F 74 20 69 6E 69 74 69 61 6C 69 7A 65 64 
00 00 69 32 63 20 6E 6F 74 20 61 63 74 69 76 65 
00 00 31 2E 37 2E 37 00 6E 75 6C 6C 00 00 22 22 
00 00 74 72 75 65 00 00 66 61 6C 73 65 00 EF BB 
BF 00 00 00 00 02 00 02 20 02 20 02 40 02 40 02 
60 02 60 02 80 02 80 02 FF FF FF FF 20 03 00 00 
00 00 00 00 00 00 00 00 00 00 00 00 00 00 00 00 
00 00 00 00 00 00 00 00 00 00 00 00 00 00 00 00 
00 00 00 00 00 00 00 00 00 00 00 00 FF 01 37 14 
B1 00 28 00 C7 0A C6 0B 81 4C 1C 00 81 4D 1E 00 
CA 0E CB 0F 81 48 14 00 81 49 16 00 81 47 18 00 
81 46 1A 00 81 48 00 00 81 49 02 00 CE 07 81 4E 
04 00 CF 06 81 4F 06 00 C7 0C 81 47 10 00 C7 0D 
81 47 12 00 C7 0C 81 47 08 00 C7 0D 81 47 0A 00 
81 4A 0C 00 81 4B 0E 00 18 41 04 00 19 41 06 00 
CE 08 C6 09 0E F3 36 F0 00 80 81 4E 20 00 81 46 
22 00 14 41 0C 00 15 41 0E 00 CD 04 CF 05 0D F3 
3F F0 00 80 81 4D 24 00 81 4F 26 00 C7 08 CC 09 
07 8E 0C 76 C6 04 CE 05 06 8D 0E 7F 3C 90 F0 7F 
03 38 D5 20 07 93 D3 2C 3E 90 F0 7F 03 38 E1 20 
06 93 DF 2C C9 0C 37 F3 39 F0 0F 00 07 53 39 60 
10 00 C8 07 81 47 04 00 81 49 06 00 5C 0D C7 0C 
37 B0 00 80 0C 7C 3C E3 0C 93 2B 20 07 93 29 20 
05 9F 20 20 04 9D 1E 20 91 41 14 00 00 00 91 41 
16 00 02 00 91 41 18 00 04 00 91 41 1A 00 06 00 
14 F1 04 00 15 F1 06 00 81 44 0C 00 81 45 0E 00 
91 41 08 00 10 00 91 41 0A 00 12 00 1A 41 0C 00 
1B 41 0E 00 91 41 10 00 1C 00 91 41 12 00 1E 00 
A0 3C 81 93 22 00 03 20 81 93 20 00 1A 24 24 41 
15 41 02 00 34 E3 35 E3 14 53 05 63 81 44 00 00 
81 45 02 00 0F 43 0D 43 05 93 03 20 04 93 01 20 
1F 43 38 E3 39 E3 08 5F 09 6D 81 48 04 00 81 49 
06 00 C5 0E 36 F3 35 F0 0F 00 C4 06 04 53 35 60 
10 00 81 44 0C 00 81 45 0E 00 5E 0D C6 0E 36 B0 
00 80 0E 7E 3E E3 0E 93 02 20 06 93 87 24 81 93 
26 00 03 20 81 93 24 00 1B 24 1E 41 08 00 1F 41 
0A 00 3E E3 3F E3 1E 53 0F 63 81 4E 08 00 81 4F 
0A 00 0D 43 0C 43 0F 93 03 20 0E 93 01 20 1D 43 
34 E3 35 E3 04 5D 05 6C 81 44 0C 00 81 45 0E 00 
CE 06 CC 07 CD 01 CF 01 AF 00 08 00 B0 13 78 A3 
C7 0C 37 B0 00 80 0C 7C 3C E3 17 83 0C 73 0C 93 
1D 38 0C 93 04 38 08 20 37 90 FE 07 05 2C CC 07 
5C 0E 81 5C 06 00 58 3C 0E 43 3F 40 00 80 1E F1 
04 00 1F F1 06 00 0E 53 3F 60 F0 7F 81 4E 04 00 
81 4F 06 00 00 18 C1 43 00 00 46 3C 81 43 00 00 
81 43 02 00 81 43 04 00 81 43 06 00 3D 3C 0C 9E 
10 38 02 20 07 96 0D 28 0C 9E 16 20 07 96 14 20 
91 91 0A 00 02 00 05 28 0F 20 91 91 08 00 00 00 
0B 2C 91 41 1C 00 14 00 91 41 1E 00 16 00 81 4A 
18 00 81 4B 1A 00 12 3C 3C 90 F0 7F 0F 20 07 93 
0D 20 04 E8 05 E9 35 90 00 80 08 20 04 93 06 20 
81 93 02 00 03 20 81 93 00 00 09 24 1C 41 14 00 
1D 41 16 00 1E 41 18 00 1F 41 1A 00 0C 3C 91 43 
04 00 B1 40 F0 7F 06 00 2C 41 1D 41 02 00 1E 41 
04 00 1F 41 06 00 A1 00 28 00 34 16 10 01 6A 14 
B1 00 0C 00 C8 0F C7 0E 81 4C 08 00 81 4D 0A 00 
C9 07 CC 01 CD 01 AD 00 08 00 3E 42 0F 43 B0 13 
8E CE 5C 43 0E 43 3E 92 0D 34 CD 01 CF 0E 4F 0E 
4F 0D EF 0D 3D 40 FF 00 6D 9F 01 24 4C 43 1E 53 
3E 92 F3 3B 4C 93 04 24 81 43 08 00 81 43 0A 00 
CA 08 0A 93 03 38 3A 90 0B 00 02 38 3A 40 0A 00 
1C 41 08 00 1D 41 0A 00 0E 43 0F 43 B0 13 3E CB 
0C 93 0F 34 1C 41 08 00 1D 41 0A 00 B0 13 8E D6 
81 4C 08 00 81 4D 0A 00 A9 00 01 00 F9 40 2D 00 
FF FF 08 93 53 34 1C 41 08 00 1D 41 0A 00 0E 43 
3F 40 80 3F B0 13 3E CB 0C 93 03 34 3A 40 06 00 
45 3C 1C 41 08 00 1D 41 0A 00 0E 43 3F 40 20 41 
B0 13 3E CB 0C 93 03 34 3A 40 05 00 37 3C 1C 41 
08 00 1D 41 0A 00 0E 43 3F 40 C8 42 B0 13 3E CB 
0C 93 02 34 2A 42 2A 3C 1C 41 08 00 1D 41 0A 00 
0E 43 3F 40 7A 44 B0 13 3E CB 0C 93 03 34 3A 40 
03 00 1C 3C 1C 41 08 00 1D 41 0A 00 3E 40 00 40 
3F 40 1C 46 B0 13 3E CB 0C 93 02 34 2A 43 0E 3C 
0A 43 1C 41 08 00 1D 41 0A 00 3E 40 00 50 3F 40 
C3 47 B0 13 3E CB 0C 93 01 34 1A 43 0A 93 12 24 
CF 0A 5F 06 40 18 1E 4F 0C 93 40 18 1F 4F 0E 93 
1C 41 08 00 1D 41 0A 00 B0 13 8A B6 81 4C 08 00 
81 4D 0A 00 1C 41 08 00 1D 41 0A 00 B0 13 0A C5 
C4 0C C5 0D B0 13 88 CB CE 0C CF 0D 1C 41 08 00 
1D 41 0A 00 B0 13 84 B6 81 4C 08 00 81 4D 0A 00 
05 93 02 20 04 93 2F 24 C6 09 05 93 02 20 04 93 
1A 24 CC 04 CD 05 3E 40 0A 00 0F 43 B0 13 A2 CC 
7E 50 30 00 A6 00 01 00 C6 4E FF FF CC 04 CD 05 
3E 40 0A 00 0F 43 B0 13 A2 CC C4 0C C5 0D 05 93 
E8 23 04 93 E6 23 CF 06 D9 06 0B 2C B6 00 01 00 
6C 46 E6 49 00 00 A9 00 01 00 C9 4C FF FF D9 06 
F5 2B C9 0F 05 3C A9 00 01 00 F9 40 30 00 FF FF 
0A 93 36 24 A9 00 01 00 F9 40 2E 00 FF FF 1A 83 
3A 93 2E 24 1C 41 08 00 1D 41 0A 00 0E 43 3F 40 
20 41 B0 13 D2 BE 81 4C 08 00 81 4D 0A 00 1C 41 
08 00 B0 13 44 C8 4C 4C 7C 90 0A 00 01 28 4C 43 
A9 00 01 00 CF 0C 7F 50 30 00 C9 4F FF FF B0 13 
A4 D2 CE 0C CF 0D 1C 41 08 00 1D 41 0A 00 B0 13 
84 B6 81 4C 08 00 81 4D 0A 00 1A 83 3A 93 D2 23 
C9 43 00 00 CC 07 3D 40 2E 00 B0 13 40 D4 DC 03 
18 24 08 93 16 34 B9 00 01 00 04 3C B9 00 01 00 
C9 43 01 00 CF 07 AF 00 01 00 DF 09 04 2C 3F 40 
30 00 6F 99 F3 27 3F 40 2E 00 6F 99 02 20 C9 43 
00 00 CC 07 A1 00 0C 00 64 16 10 01 6A 14 B1 00 
10 00 71 0D 08 00 81 43 02 00 07 43 CA 0C 07 3C 
CF 04 AA 00 01 00 14 53 19 3C AA 00 01 00 3F 40 
20 00 6F 9A FA 27 3F 40 2D 00 6F 9A 09 24 3F 40 
2B 00 6F 9A 02 20 AA 00 01 00 81 43 00 00 04 3C 
91 43 00 00 AA 00 01 00 3F 43 04 43 69 4A 79 90 
30 00 03 28 79 90 3A 00 DC 2B 79 90 2E 00 02 20 
0F 93 D6 3B 71 0A 0C 00 CE 04 4E 0E 4E 0D FA 0E 
0F 93 02 38 14 83 01 3C CF 04 34 90 13 00 04 34 
0F 84 81 4F 04 00 06 3C 3F 80 12 00 81 4F 04 00 
34 40 12 00 04 93 E7 24 81 43 06 00 08 43 34 90 
0A 00 21 38 69 4A AA 00 01 00 79 90 2E 00 03 20 
69 4A AA 00 01 00 1C 41 06 00 CD 08 3E 40 0A 00 
0F 43 B0 13 C8 D2 C8 0D 49 49 39 80 30 00 39 B0 
00 80 0F 7F 3F E3 0C 59 08 6F 81 4C 06 00 14 83 
34 90 0A 00 DF 37 05 43 06 43 14 93 1E 38 69 4A 
AA 00 01 00 79 90 2E 00 03 20 69 4A AA 00 01 00 
CC 05 CD 06 3E 40 0A 00 0F 43 B0 13 C8 D2 C5 0C 
C6 0D 49 49 39 80 30 00 39 B0 00 80 0F 7F 3F E3 
05 59 06 6F 14 83 14 93 E2 37 1C 41 06 00 CD 08 
B0 13 8E C1 C8 0C C9 0D CA 0E CB 0F 0C 43 0D 43 
3E 40 65 CD 3F 40 CD 41 B0 13 12 A1 C8 0C C9 0D 
CA 0E C4 0F CC 05 CD 06 B0 13 8E C1 CB 04 B0 13 
CE 93 B0 13 7E C4 C6 0C C8 0D 3A 01 0C 00 3F 40 
45 00 6F 9A 04 24 3F 40 65 00 6F 9A 19 20 AA 00 
01 00 3F 40 2D 00 6F 9A 07 24 3F 40 2B 00 6F 9A 
07 20 AA 00 01 00 04 3C 91 43 02 00 AA 00 01 00 
FA 90 30 00 00 00 04 28 FA 90 3A 00 00 00 4E 28 
81 93 02 00 03 20 17 51 04 00 04 3C 37 E3 17 53 
17 51 04 00 07 93 03 38 81 43 02 00 04 3C 91 43 
02 00 37 E3 17 53 40 18 82 97 CC 93 03 34 40 18 
17 42 CC 93 04 43 35 40 80 3F 89 00 5C 22 0E 3C 
17 B3 09 24 2E 49 1F 49 02 00 CC 04 CD 05 B0 13 
D2 BE C4 0C C5 0D 57 01 A9 00 04 00 2C 49 1D 49 
02 00 0E 43 0F 43 B0 13 3E CB 0C 93 02 24 07 93 
E7 23 81 93 02 00 09 20 CC 06 CD 08 CE 04 CF 05 
B0 13 D2 BE C6 0C C8 0D 19 3C CC 06 CD 08 CE 04 
CF 05 B0 13 EE C3 C6 0C C8 0D 10 3C CC 07 3D 40 
0A 00 B0 13 C6 D4 67 4A 0C 57 3C 80 30 00 C7 0C 
AA 00 01 00 9D 3F 06 43 08 43 CA 0C 3F 01 08 00 
DF 03 02 24 7F 0A 00 00 81 93 00 00 05 24 CC 06 
CD 08 B0 13 8E D6 02 3C CC 06 CD 08 A1 00 10 00 
64 16 10 01 4A 14 B1 00 04 00 C8 0D C6 0C 39 08 
08 00 00 18 69 58 A9 00 01 00 3A 08 08 00 00 18 
6A 58 AA 00 01 00 00 18 C1 43 00 00 07 43 3F 08 
08 00 00 18 6F 58 3E 40 22 00 6E 9F 10 21 0E 43 
0F 43 1E 3C 3D 40 5C 00 6D 9A 18 20 0D 08 0F 19 
4D 10 0B 4D 0C 4A CD 0A 0F 19 4D 10 2C 88 0D 4D 
0D 7B 1C 53 0D 63 1D 98 06 00 04 28 F8 20 1C 98 
04 00 F5 2C 1E 53 0F 63 AA 00 01 00 AA 00 01 00 
0D 08 0F 19 4D 10 0B 4D 0C 4A CD 0A 0F 19 4D 10 
2C 88 0D 4D 0D 7B 1D 98 06 00 04 28 07 20 1C 98 
04 00 04 2C 3D 40 22 00 6D 9A CC 23 0D 08 0F 19 
4D 10 0B 4D 0C 4A CD 0A 0F 19 4D 10 2C 88 0D 4D 
0D 7B 1D 98 06 00 04 28 CA 20 1C 98 04 00 C7 2C 
3D 40 22 00 6D 9A C3 20 0D 08 0F 19 4D 10 0B 4D 
0C 4A CD 0A 0F 19 4D 10 2C 88 0D 4D 0D 7B 1C 88 
08 00 1D 78 0A 00 0C 8E 0D 7F 1C 53 0D 63 B0 13 
5E D5 C7 0C D7 03 AB 24 71 07 00 00 D9 0A 8A 2C 
3F 40 5C 00 6F 99 7B 20 6C 43 CF 09 0F 19 4F 10 
0D 4F 0E 4A CF 0A 0F 19 4F 10 0E 89 0F 4F 0F 7D 
0F 93 95 38 02 20 1E 93 92 28 5F 49 01 00 3F 90 
67 00 10 34 3F 90 66 00 3F 24 3F 80 22 00 51 24 
3F 80 0D 00 4E 24 3F 80 2D 00 4B 24 3F 80 06 00 
3E 24 7D 3C 3F 80 6E 00 24 24 2F 82 17 24 2F 83 
0A 24 1F 83 74 20 CC 09 CD 0A CE 01 B0 13 D2 B2 
4C 93 41 20 6C 3C 3E 01 00 00 CF 0E AF 00 01 00 
71 0F 00 00 FE 40 09 00 00 00 35 3C 3E 01 00 00 
CF 0E AF 00 01 00 71 0F 00 00 FE 40 0D 00 00 00 
2A 3C 3E 01 00 00 CF 0E AF 00 01 00 71 0F 00 00 
FE 40 0A 00 00 00 1F 3C 3E 01 00 00 CF 0E AF 00 
01 00 71 0F 00 00 FE 40 0C 00 00 00 14 3C 3E 01 
00 00 CF 0E AF 00 01 00 71 0F 00 00 FE 42 00 00 
0A 3C 3E 01 00 00 CF 0E AF 00 01 00 71 0F 00 00 
DE 49 01 00 00 00 4C 4C 0F 4C E9 0F 09 3C 3E 01 
00 00 CF 0E AF 00 01 00 71 0F 00 00 FE 49 00 00 
D9 0A 76 2B 3F 01 00 00 CF 43 00 00 B6 40 10 00 
0C 00 76 07 0E 00 0F 08 0F 19 4F 10 0E 4F 0F 4A 
0F 19 4A 10 2F 88 0D 4A 0D 7E 88 4F 08 00 88 4D 
0A 00 98 53 08 00 88 63 0A 00 1C 43 16 3C D7 03 
03 24 CC 07 B0 13 26 D6 D9 03 0E 24 0F 08 0F 19 
4F 10 0E 4F 0F 49 0F 19 49 10 2F 88 0D 49 0D 7E 
88 4F 08 00 88 4D 0A 00 0C 43 A1 00 04 00 46 16 
10 01 6A 14 B1 00 1A 00 C9 0E C5 0D 71 0C 16 00 
1A 49 04 00 1D 49 06 00 CC 0A B0 13 06 CD 81 4C 
08 00 CF 0C 3F B0 00 80 0F 7F 3F E3 81 4F 0A 00 
16 45 04 00 1D 45 06 00 CC 06 B0 13 06 CD 81 4C 
04 00 CF 0C 3F B0 00 80 04 74 34 E3 CD 04 1E 41 
08 00 1F 41 0A 00 B0 13 C8 D2 81 4C 10 00 81 4D 
12 00 27 49 18 49 02 00 CF 08 8F 10 4F 4F 4A 4A 
8A 10 0A 5F 3A F0 FF 3F 81 4A 00 00 CF 0A 3F B0 
00 80 0F 7F 3F E3 81 4F 02 00 1C 41 04 00 CD 04 
CE 0A B0 13 C8 D2 C9 0C CA 0D CC 07 CD 08 B0 13 
F6 CC 3C F0 FF 3F 81 4C 0C 00 CF 0C 3F B0 00 80 
0F 7F 3F E3 81 4F 0E 00 1C 41 04 00 CD 04 1E 41 
0C 00 B0 13 C8 D2 C8 0D 81 4C 14 00 CC 07 5C 0E 
3C F0 FF 3F 3C B0 00 80 0D 7D 3D E3 1E 41 04 00 
CF 04 B0 13 C8 D2 C4 0C C7 0D A1 45 04 00 1F 45 
02 00 81 4F 06 00 8F 10 4F 4F 46 46 86 10 06 5F 
B0 13 F4 A0 09 5C 0A 6D CC 06 CD 05 2E 41 1F 41 
02 00 B0 13 C8 D2 81 5C 14 00 08 6D CC 06 CD 05 
1E 41 0C 00 1F 41 0E 00 B0 13 C8 D2 04 5C 07 6D 
1C 41 04 00 1D 41 06 00 B0 13 F6 CC C6 0C B0 13 
F4 A0 81 5C 14 00 08 6D CC 06 CD 05 2E 41 1F 41 
02 00 B0 13 C8 D2 04 5C 07 6D 1C 41 04 00 5C 0E 
3C F0 FF 3F 3C B0 00 80 0D 7D 3D E3 1E 41 08 00 
1F 41 0A 00 B0 13 C8 D2 04 5C 07 6D CC 09 CD 0A 
B0 13 E6 CC 81 5C 10 00 81 6D 12 00 CC 09 CD 0A 
3C F0 FF 3F 0D F3 B0 13 24 CD 1F 41 14 00 0F 5C 
08 6D CC 04 CD 07 B0 13 E6 CC 0C 5F 0D 68 B0 13 
8E CD C9 0C CA 0D 19 53 0A 63 CC 0A 48 18 0C 11 
CE 0C 3E B0 00 80 0F 7F 3F E3 1C 41 10 00 1D 41 
12 00 0C 5E 0D 6F 3D 90 00 20 29 28 02 20 0C 93 
26 28 19 83 0A 73 5A 01 59 00 19 53 0A 63 5A 01 
59 00 CE 0A 1F 41 10 00 46 18 0F 5F 0E 5F 3F 01 
16 00 8F 49 00 00 8F 4E 02 00 CC 0A 46 18 0C 11 
CA 0C 3A B0 00 80 0F 7F 3F E3 1C 41 10 00 1D 41 
12 00 0C 5A 0D 6F B0 13 FA CC 1E 43 10 3C 5A 01 
59 00 1F 41 10 00 4F 4F 8F 10 0A 5F 3F 01 16 00 
8F 49 00 00 8F 4A 02 00 B0 13 7A CD 0E 43 3F 01 
16 00 8F 4C 04 00 8F 4D 06 00 CC 0E A1 00 1A 00 
64 16 10 01 36 F0 FF 3F 36 B0 00 80 05 75 35 E3 
CC 06 CD 05 1E 41 0C 00 1F 41 0E 00 B0 13 C8 D2 
10 01 37 14 B1 00 1E 00 81 4C 18 00 81 4D 1A 00 
CD 09 81 4E 1C 00 C9 0F CC 08 81 43 10 00 81 43 
12 00 81 43 14 00 81 43 16 00 81 4C 00 00 81 4D 
02 00 81 4A 04 00 81 4B 06 00 91 41 18 00 08 00 
91 41 1A 00 0A 00 CF 0E 81 4F 0C 00 81 49 0E 00 
1E 41 0C 00 15 41 0E 00 1F 41 04 00 14 41 06 00 
C6 0E C7 05 06 EF 07 E4 06 F3 37 F0 00 80 3F F3 
34 F0 FF 7F 81 4F 04 00 81 44 06 00 3E F3 35 F0 
FF 7F 81 4E 0C 00 81 45 0E 00 34 90 F0 7F 03 38 
AD 20 0F 93 AB 2C 35 90 F0 7F 03 38 8A 20 0E 93 
88 2C CD 04 5D 0D 3D B0 00 80 0C 7C 3C E3 0D 93 
CA 24 3F F3 34 F0 0F 00 04 93 22 20 0F 93 20 20 
81 93 02 00 1D 20 81 93 00 00 1A 20 CA 05 5A 0D 
3A B0 00 80 0F 7F 3F E3 0A 93 B5 24 3E F3 35 F0 
0F 00 0E 53 35 60 10 00 81 4E 14 00 81 45 16 00 
91 41 08 00 10 00 91 41 0A 00 12 00 0A 5D 38 3C 
0F 53 34 60 10 00 81 4F 04 00 81 44 06 00 CA 05 
5A 0D 3A B0 00 80 0C 7C 3C E3 0A 93 94 24 3E F3 
35 F0 0F 00 05 93 12 20 0E 93 10 20 81 93 0A 00 
0D 20 81 93 08 00 0A 20 81 4F 14 00 81 44 16 00 
A1 41 10 00 91 41 02 00 12 00 D8 3F 0E 53 35 60 
10 00 81 4E 0C 00 81 45 0E 00 0A 5D CC 01 AC 00 
10 00 CD 01 CE 01 AE 00 08 00 B0 13 92 9E 0A 5C 
3A 80 00 04 0A 93 14 38 3A 90 FE 07 08 34 3A B0 
00 80 0F 7F 3F E3 5A 0E 81 5A 16 00 5C 3C 00 18 
C1 43 10 00 81 43 14 00 B1 40 F0 7F 16 00 53 3C 
81 43 10 00 81 43 12 00 81 43 14 00 81 43 16 00 
4A 3C 35 90 F0 7F 03 38 1E 20 1E 93 1C 2C 04 93 
08 20 0F 93 06 20 81 93 02 00 03 20 81 93 00 00 
2C 24 91 41 08 00 10 00 91 41 0A 00 12 00 91 41 
0C 00 14 00 91 41 0E 00 16 00 2D 3C 04 95 03 38 
0A 20 0F 9E 08 2C 1C 41 18 00 1D 41 1A 00 1A 41 
1C 00 CB 09 06 3C 34 90 F0 7F 05 38 02 20 1F 93 
02 28 CF 0B 24 3C 05 93 0B 20 0E 93 09 20 81 93 
0A 00 06 20 81 93 08 00 03 20 91 43 14 00 B4 3F 
A1 41 10 00 91 41 02 00 12 00 91 41 04 00 14 00 
91 41 06 00 16 00 81 56 14 00 81 67 16 00 1C 41 
10 00 1D 41 12 00 1A 41 14 00 1F 41 16 00 CE 0A 
A1 00 1E 00 34 16 10 01 6A 14 B1 00 0E 00 C8 0F 
81 4E 02 00 C9 0D 81 4C 00 00 CF 0C 81 4F 04 00 
C7 0F CF 0E 07 8F 07 93 07 34 37 E3 17 53 81 4F 
04 00 CF 09 C9 08 C8 0F 37 90 36 00 27 38 89 93 
06 00 F0 34 2E 49 1F 49 02 00 3E E3 3F E3 1E 53 
0F 63 89 4E 00 00 89 4F 02 00 0D 43 0C 43 0F 93 
03 20 0E 93 01 20 1D 43 1E 49 04 00 1F 49 06 00 
3E E3 3F E3 0E 5D 0F 6C 89 4E 04 00 89 4F 06 00 
89 D3 04 00 B9 D0 00 80 06 00 CC 3C 2F 49 1B 49 
02 00 91 48 04 00 06 00 14 48 06 00 A1 48 08 00 
16 48 02 00 15 49 04 00 1A 49 06 00 55 02 0A 6A 
CE 0B 4E 19 0E 10 05 5E 0A 63 17 83 37 90 20 00 
0F 38 91 41 06 00 08 00 C6 04 CE 06 45 18 0E 11 
81 4E 06 00 3E B0 00 80 04 74 34 E3 37 80 20 00 
5F 02 0B 6B 17 93 13 34 07 93 33 34 1C 41 06 00 
5C 02 04 64 CE 06 4E 19 0E 10 0C 5E 04 63 1E 41 
08 00 5E 02 81 4E 08 00 06 66 CD 04 1F 3C 3E 40 
20 00 0E 87 1C 41 06 00 CD 04 B0 13 EA D5 81 4C 
0A 00 81 4D 0C 00 1C 41 08 00 CD 06 CE 07 B0 13 
FA D5 1C 51 0A 00 16 41 0C 00 06 6D 81 4C 08 00 
1C 41 06 00 CD 04 CE 07 B0 13 DA D5 C4 0D 81 4C 
06 00 15 51 06 00 0A 64 1E 41 08 00 0F 5E 0B 66 
0B 96 03 28 04 20 0F 9E 02 2C 15 53 0A 63 0A 93 
02 38 07 43 10 3C 3F E3 3B E3 1F 53 0E 43 0D 43 
0B 63 03 20 0F 93 01 20 1E 43 35 E3 3A E3 05 5E 
0A 6D 37 40 00 80 06 43 3A 90 20 00 2D 28 02 20 
05 93 2A 28 3A 90 40 00 0D 28 02 20 05 93 0A 28 
5B 03 5F 00 CE 05 4E 18 0E 5E 0B 5E 91 53 04 00 
5A 03 55 00 1F 53 0B 63 04 20 0F 93 02 20 15 53 
0A 63 5B 03 5F 00 CE 05 4E 18 0E 5E 0B 5E 5A 03 
55 00 05 D6 0A D7 89 45 04 00 89 4A 06 00 89 4F 
00 00 89 4B 02 00 16 3C 89 45 04 00 89 4A 06 00 
89 4F 00 00 89 4B 02 00 CC 09 B0 13 8A BF 2C 53 
1C 93 02 34 0C 43 18 3C 81 8C 04 00 89 D6 04 00 
89 D7 06 00 1F 41 02 00 81 9F 00 00 0B 34 A8 49 
00 00 98 49 02 00 02 00 98 49 04 00 04 00 98 49 
06 00 06 00 1C 41 04 00 A1 00 0E 00 64 16 10 01 
3A 14 C9 0D 38 0C 08 00 D9 03 02 20 0C 43 F4 3C 
89 93 12 00 03 24 2A 43 07 43 02 3C 1A 43 07 43 
CD 0A CE 07 1D 53 0E 63 CC 09 B0 13 BA B9 DC 03 
02 20 0C 43 E1 3C AC 00 01 00 FC 40 7B 00 FF FF 
99 53 0C 00 89 63 0E 00 89 93 12 00 05 24 AC 00 
01 00 FC 40 0A 00 FF FF 89 5A 08 00 89 67 0A 00 
D8 03 93 24 89 93 12 00 22 24 1D 49 0C 00 1E 49 
0E 00 CC 09 B0 13 BA B9 DC 03 02 20 0C 43 BC 3C 
0E 43 0F 43 07 3C AC 00 01 00 FC 40 09 00 FF FF 
1E 53 0F 63 1F 99 0E 00 F6 2B 03 20 1E 99 0C 00 
F2 2B 99 59 0C 00 08 00 99 69 0E 00 0A 00 3C 08 
18 00 CD 09 B0 13 94 A9 0C 93 02 20 0C 43 9C 3C 
CC 09 B0 13 10 D2 89 93 12 00 03 24 2A 43 07 43 
02 3C 1A 43 07 43 CC 09 CD 0A CE 07 B0 13 BA B9 
DC 03 02 20 0C 43 88 3C AC 00 01 00 FC 40 3A 00 
FF FF 89 93 12 00 05 24 AC 00 01 00 FC 40 09 00 
FF FF 89 5A 08 00 89 67 0A 00 CC 08 CD 09 B0 13 
BE B8 0C 93 02 20 0C 43 6F 3C CC 09 B0 13 10 D2 
0F 43 89 93 12 00 01 24 1F 43 0A 43 00 18 C8 93 
00 00 01 24 1A 43 0A 5F 3A B0 00 80 07 77 37 E3 
CD 0A CE 07 1D 53 0E 63 CC 09 B0 13 BA B9 DC 03 
02 20 0C 43 51 3C 00 18 C8 93 00 00 05 24 AC 00 
01 00 FC 40 2C 00 FF FF 89 93 12 00 05 24 AC 00 
01 00 FC 40 0A 00 FF FF CC 43 00 00 89 5A 08 00 
89 67 0A 00 08 08 D8 03 6D 23 89 93 12 00 07 24 
1D 43 0E 43 1D 59 0C 00 1E 69 0E 00 02 3C 2D 43 
0E 43 CC 09 B0 13 BA B9 DC 03 02 20 0C 43 24 3C 
89 93 12 00 15 24 0B 43 0D 43 07 3C AC 00 01 00 
FC 40 09 00 FF FF 1B 53 0D 63 1E 49 0C 00 1F 49 
0E 00 1E 83 0F 73 0D 9F F1 2B 02 20 0B 9E EE 2B 
AC 00 01 00 FC 40 7D 00 FF FF CC 43 00 00 99 83 
0C 00 89 73 0E 00 1C 43 37 16 10 01 1A 14 CA 0D 
C9 0C DA 03 04 24 00 18 CA 93 00 00 02 20 0C 43 
DF 3C DA 03 21 24 2E 42 0F 43 1E 5A 08 00 1F 6A 
0A 00 8A 9F 06 00 18 28 03 20 8A 9E 04 00 14 28 
3C 0A 08 00 00 18 6C 5A 8D 00 68 93 2E 42 0F 43 
B0 13 3E CF 0C 93 08 20 A9 42 0C 00 AA 52 08 00 
8A 63 0A 00 1C 43 BC 3C DA 03 24 24 3E 40 05 00 
0F 43 1E 5A 08 00 1F 6A 0A 00 8A 9F 06 00 1A 28 
03 20 8A 9E 04 00 16 28 3C 0A 08 00 00 18 6C 5A 
8D 00 78 93 3E 40 05 00 0F 43 B0 13 3E CF 0C 93 
09 20 99 43 0C 00 BA 50 05 00 08 00 8A 63 0A 00 
1C 43 96 3C DA 03 19 24 2E 42 0F 43 1E 5A 08 00 
1F 6A 0A 00 8A 9F 06 00 10 28 03 20 8A 9E 04 00 
0C 28 3C 0A 08 00 00 18 6C 5A 8D 00 72 93 2E 42 
0F 43 B0 13 3E CF 0C 93 72 24 DA 03 11 24 9A 9A 
06 00 0A 00 05 28 0C 20 9A 9A 04 00 08 00 08 2C 
3F 0A 08 00 00 18 6F 5A 3E 40 22 00 6E 9F 5A 24 
DA 03 21 24 9A 9A 06 00 0A 00 05 28 1C 20 9A 9A 
04 00 08 00 18 2C 3F 0A 08 00 00 18 6F 5A 3E 40 
2D 00 6E 9F 42 24 3F 0A 08 00 00 18 6F 5A FF 90 
30 00 00 00 08 28 3F 0A 08 00 00 18 6F 5A FF 90 
3A 00 00 00 32 28 DA 03 11 24 9A 9A 06 00 0A 00 
05 28 0C 20 9A 9A 04 00 08 00 08 2C 3F 0A 08 00 
00 18 6F 5A 3E 40 5B 00 6E 9F 1A 24 DA 03 11 24 
9A 9A 06 00 0A 00 05 28 0C 20 9A 9A 04 00 08 00 
08 2C 3F 0A 08 00 00 18 6F 5A 3E 40 7B 00 6E 9F 
02 24 0C 43 1D 3C CC 09 CD 0A B0 13 54 AB 18 3C 
CC 09 CD 0A B0 13 8E B1 13 3C CC 09 CD 0A B0 13 
3C B0 0E 3C CC 09 CD 0A B0 13 04 9C 09 3C A9 43 
0C 00 99 43 12 00 AA 52 08 00 8A 63 0A 00 1C 43 
19 16 10 01 6A 14 C8 0C CC 0D 04 43 05 43 DC 03 
02 20 0C 43 D5 3C D8 03 10 20 3D 40 03 00 0E 43 
B0 13 BA B9 C6 0C D6 03 06 24 8D 00 6E 93 B0 13 
94 D5 1C 43 C5 3C 0C 43 C3 3C C7 08 6B 3C F7 90 
20 00 00 00 08 28 3F 40 22 00 6F 97 04 24 3F 40 
5C 00 6F 97 3E 20 AB 00 01 00 FB 40 5C 00 FF FF 
6F 47 3F 82 32 24 1F 83 2C 24 1F 83 26 24 2F 83 
20 24 1F 83 1A 24 3F 80 15 00 13 24 3F 80 3A 00 
0C 24 AB 00 01 00 FB 40 75 00 FF FF 6C 47 CD 0B 
B0 13 04 CF AB 00 04 00 1E 3C FB 40 5C 00 00 00 
1A 3C FB 40 22 00 00 00 16 3C FB 40 72 00 00 00 
12 3C FB 40 66 00 00 00 0E 3C FB 40 6E 00 00 00 
0A 3C FB 40 74 00 00 00 06 3C FB 40 62 00 00 00 
02 3C EB 47 00 00 A7 00 01 00 AB 00 01 00 5C 3C 
6F 47 3F 82 3F 90 03 00 11 28 2F 82 2F 93 0E 28 
3F 80 16 00 0B 24 3F 80 3A 00 08 24 F7 90 20 00 
00 00 06 2C 34 50 05 00 05 63 02 3C 14 53 05 63 
A7 00 01 00 C7 93 00 00 E3 23 CF 08 0F 19 4F 10 
0F 4F 0A 47 0F 19 47 10 0A 88 09 47 09 7F 0A 54 
09 65 CD 0A CE 09 3D 50 03 00 0E 63 B0 13 BA B9 
C6 0C D6 03 02 20 0C 43 3B 3C 05 93 1E 20 04 93 
1C 20 F6 40 22 00 00 00 AC 00 01 00 CD 08 CE 0A 
CF 09 B0 13 8E CE CF 09 0F 18 4F 5F 00 18 4F DA 
EF 06 FF 40 22 00 01 00 0F 18 49 59 00 18 49 DA 
E9 06 C9 43 02 00 1C 43 1B 3C F6 40 22 00 00 00 
CB 06 AB 00 01 00 C7 08 C7 93 00 00 50 23 CF 09 
0F 18 4F 5F 00 18 4F DA EF 06 FF 40 22 00 01 00 
0F 18 49 59 00 18 49 DA E9 06 C9 43 02 00 1C 43 
64 16 10 01 3A 14 CA 0D C7 0C 08 43 09 43 8A 93 
0E 00 04 20 BA 90 E8 03 0C 00 02 28 0C 43 C7 3C 
9A 53 0C 00 8A 63 0E 00 DA 03 BB 24 9A 9A 06 00 
0A 00 05 28 B6 20 9A 9A 04 00 08 00 B2 2C 3F 0A 
08 00 00 18 6F 5A 3E 40 7B 00 6E 9F AA 20 9A 53 
08 00 8A 63 0A 00 CC 0A B0 13 3C CA DA 03 11 24 
9A 9A 06 00 0A 00 05 28 0C 20 9A 9A 04 00 08 00 
08 2C 3F 0A 08 00 00 18 6F 5A 3E 40 7D 00 6E 9F 
7D 24 DA 03 8A 24 9A 9A 06 00 0A 00 05 28 85 20 
9A 9A 04 00 08 00 81 2C 9A 83 08 00 8A 73 0A 00 
B0 13 38 D2 DC 03 7D 24 D8 03 03 20 C8 0C C9 08 
05 3C 79 0C 00 00 7C 09 04 00 C9 0C 9A 53 08 00 
8A 63 0A 00 CC 0A B0 13 3C CA CC 09 CD 0A B0 13 
04 9C 0C 93 66 24 CC 0A B0 13 3C CA 00 18 D9 49 
0E 00 18 00 00 18 C9 43 0E 00 DA 03 5A 24 9A 9A 
06 00 0A 00 05 28 55 20 9A 9A 04 00 08 00 51 2C 
3F 0A 08 00 00 18 6F 5A 3E 40 3A 00 6E 9F 49 20 
9A 53 08 00 8A 63 0A 00 CC 0A B0 13 3C CA CC 09 
CD 0A B0 13 BC A7 0C 93 3C 24 CC 0A B0 13 3C CA 
DA 03 11 24 9A 9A 06 00 0A 00 05 28 0C 20 9A 9A 
04 00 08 00 08 2C 3F 0A 08 00 00 18 6F 5A 3E 40 
2C 00 6E 9F A5 27 DA 03 24 24 9A 9A 06 00 0A 00 
05 28 1F 20 9A 9A 04 00 08 00 1B 2C 3F 0A 08 00 
00 18 6F 5A 3E 40 7D 00 6E 9F 13 20 9A 83 0C 00 
8A 73 0E 00 B7 40 40 00 0C 00 77 08 08 00 9A 53 
08 00 8A 63 0A 00 1C 43 0A 3C 9A 83 08 00 8A 73 
0A 00 D8 03 03 24 CC 08 B0 13 7A C9 0C 43 37 16 
10 01 6A 14 B1 00 04 00 71 0D 00 00 C4 0C 06 43 
05 43 B0 13 A6 D5 C7 0C C8 0D 07 3C 06 59 05 6A 
3C 40 FA 00 0D 43 B0 13 18 D6 C9 07 CA 08 0A 93 
03 20 39 90 E9 03 03 28 39 40 E8 03 0A 43 07 89 
08 7A CC 05 0F 18 4C 5C 00 18 4C D6 EC 04 CD 09 
CE 0A 4F 43 B0 13 AC D4 08 93 E0 23 07 93 DE 23 
8C 00 6C 92 1D 43 0E 43 5F 43 B0 13 AC D4 B0 13 
36 D5 C5 0C C6 0D 14 3C B0 13 36 D5 CE 05 CF 06 
3E 50 10 27 0F 63 0D 9F 06 28 02 20 0C 9E 03 28 
8C 00 6E 92 87 3C 3C 40 0A 00 0D 43 B0 13 18 D6 
B0 13 90 D3 4C 93 E8 27 37 40 00 04 CC 07 1C 53 
3C B0 00 80 0D 7D 3D E3 B0 13 5E D5 C8 0C D8 03 
03 20 8C 00 82 92 6E 3C 0A 43 B0 13 36 D5 C5 0C 
C6 0D 49 43 79 90 0A 00 5B 24 B0 13 90 D3 4C 93 
1D 20 49 43 B0 13 36 D5 CE 05 CF 06 3E 50 10 27 
0F 63 0D 9F 0E 28 02 20 0C 9E 0B 28 4A 0E 4A 0D 
EA 08 CA 43 00 00 CC 08 B0 13 26 D6 8C 00 96 92 
49 3C 1C 43 0D 43 B0 13 18 D6 37 3C B0 13 AE D3 
C9 0C 49 93 03 24 79 B0 80 FF 06 24 CC 08 B0 13 
26 D6 8C 00 AE 92 36 3C CF 0A 1A 43 0A 5F 4F 0E 
4F 0D EF 08 CF 49 00 00 0A 97 1F 38 37 50 00 02 
CC 07 1C 53 3C B0 00 80 0D 7D 3D E3 B0 13 5E D5 
C4 0C D4 03 06 20 CC 08 B0 13 26 D6 8C 00 82 92 
19 3C CE 0A 3E B0 00 80 0F 7F 3F E3 CD 08 B0 13 
8E CE CC 08 B0 13 26 D6 C8 04 79 90 0A 00 A5 23 
4A 0E 4A 0D EA 08 CA 43 00 00 3F 01 00 00 7F 08 
00 00 0C 43 A1 00 04 00 64 16 10 01 6A 14 F1 03 
CA 0E C9 0F C5 0C C4 0D 09 93 02 20 0A 93 7D 24 
3F 40 00 10 36 40 00 00 2F 82 06 73 81 4F 00 00 
06 99 73 28 02 20 0F 9A 70 28 3A 50 03 00 09 63 
3A F0 FC FF 39 F3 04 93 02 20 25 92 0C 28 C7 05 
C8 04 17 83 08 73 CE 07 0E F5 CF 08 0F F4 0F 93 
02 20 0E 93 05 24 37 40 03 00 08 43 25 42 04 43 
80 13 94 22 40 18 82 93 9E 22 0E 20 B0 13 0A D5 
60 0C 04 22 00 18 CC 43 04 00 AC 41 00 00 8C 46 
02 00 40 18 92 43 9E 22 2C 00 04 22 DC 03 39 24 
CE 07 CF 08 3E E3 3F E3 81 4F 00 00 CB 0C AB 00 
04 00 2F 41 0F 18 4F 5F 00 18 4F DE CD 08 0F 18 
4D 5D 00 18 4D D7 ED 0B 00 18 4D FF DB 0D 0F 24 
CF 0C AF 00 08 00 06 3C C6 04 0F 18 46 56 00 18 
46 D5 ED 06 C6 0D B6 00 04 00 D6 0F F5 2B CF 09 
0F 18 4F 5F 00 18 4F DA EF 0D 86 0F FE FF 00 18 
66 FC E6 0B D6 0F 05 2C 3C 0C 04 00 DC 03 CE 23 
02 3C DC 03 04 20 80 13 98 22 0C 43 3C 3C B0 13 
BE D1 DD 0B 02 20 C8 0C 2C 3C CF 0B 0F 19 4F 10 
0E 4F 0F 4D 0F 19 4D 10 0F 8B 08 4D 08 7E 2F 82 
08 73 CD 0F 3F 40 FE FF 3E 43 2F FC 1E FC 02 00 
0F 8D 0E 78 2F 82 0E 73 8C 4D 00 00 8C 48 02 00 
0F 18 48 58 00 18 48 DD 80 1F 78 F0 FE FF E8 0C 
A8 00 04 00 1F D3 88 4F 00 00 88 4E 02 00 B0 13 
1A CC CC 08 CD 0A CE 09 B0 13 18 BE 80 13 98 22 
CC 08 AC 00 04 00 E1 03 64 16 10 01 3A 14 B1 00 
44 00 CA 0D C9 0C 00 18 C1 43 40 00 B0 13 E4 D6 
DA 03 04 24 00 18 CA 93 00 00 02 20 0C 43 93 3C 
0E 43 0D 43 17 3C CF 0D 0F 18 4F 5F 00 18 4F DE 
00 18 5F 5A 08 00 00 18 6F 5A CB 01 08 4E E8 0B 
E8 4F 00 00 05 3C CF 01 0B 4E EB 0F CB 4C 00 00 
1E 53 0D 63 0D 93 2E 20 3E 90 3F 00 2B 2C DA 03 
29 24 CB 0E CF 0D 1B 5A 08 00 1F 6A 0A 00 1F 9A 
06 00 04 28 1F 20 1B 9A 04 00 1C 2C CF 0D 0F 18 
4F 5F 00 18 4F DE 00 18 5F 5A 08 00 00 18 6F 5A 
6F 4F 3F 80 2B 00 C7 27 2F 83 C5 27 1F 83 D3 27 
2F 83 3F 90 0A 00 BF 2B 3F 80 15 00 BC 27 3F 80 
20 00 B9 27 CF 01 0E 4E EE 0F CE 43 00 00 CC 01 
CD 01 AD 00 40 00 B0 13 6C 99 C7 0C C8 0D CF 01 
00 18 C1 9F 40 00 02 20 0C 43 35 3C 89 47 14 00 
89 48 16 00 3E 40 00 FE 3F 40 FF 46 B0 13 3E CB 
0C 93 03 38 3C 40 FF 7F 10 3C 0C 43 3D 40 00 C7 
CE 07 CF 08 B0 13 3E CB 0C 93 03 38 3C 40 00 80 
04 3C CC 07 CD 08 B0 13 44 C8 89 4C 12 00 B9 42 
0C 00 CE 01 CF 0E 0F 19 4F 10 0C 4F 3F 01 40 00 
0D 4F 0F 19 4F 10 0D 8E 0F 4F 0F 7C 8A 5D 08 00 
8A 6F 0A 00 1C 43 A1 00 44 00 37 16 10 01 3A 14 
CA 0D C7 0C 09 43 08 43 8A 93 0E 00 04 20 BA 90 
E8 03 0C 00 02 28 0C 43 92 3C 9A 53 0C 00 8A 63 
0E 00 3F 0A 08 00 00 18 6F 5A 3E 40 5B 00 6E 9F 
80 20 9A 53 08 00 8A 63 0A 00 CC 0A B0 13 3C CA 
DA 03 11 24 9A 9A 06 00 0A 00 05 28 0C 20 9A 9A 
04 00 08 00 08 2C 3F 0A 08 00 00 18 6F 5A 3E 40 
5D 00 6E 9F 53 24 DA 03 60 24 9A 9A 06 00 0A 00 
05 28 5B 20 9A 9A 04 00 08 00 57 2C 9A 83 08 00 
8A 73 0A 00 B0 13 38 D2 DC 03 53 24 D9 03 03 20 
C9 0C C8 09 05 3C 78 0C 00 00 7C 08 04 00 C8 0C 
9A 53 08 00 8A 63 0A 00 CC 0A B0 13 3C CA CC 08 
CD 0A B0 13 BC A7 0C 93 3C 24 CC 0A B0 13 3C CA 
DA 03 11 24 9A 9A 06 00 0A 00 05 28 0C 20 9A 9A 
04 00 08 00 08 2C 3F 0A 08 00 00 18 6F 5A 3E 40 
2C 00 6E 9F CF 27 DA 03 24 24 9A 9A 06 00 0A 00 
05 28 1F 20 9A 9A 04 00 08 00 1B 2C 3F 0A 08 00 
00 18 6F 5A 3E 40 5D 00 6E 9F 13 20 9A 83 0C 00 
8A 73 0E 00 B7 40 20 00 0C 00 77 09 08 00 9A 53 
08 00 8A 63 0A 00 1C 43 0A 3C 9A 83 08 00 8A 73 
0A 00 D9 03 03 24 CC 09 B0 13 7A C9 0C 43 37 16 
10 01 4A 14 C7 0E C8 0D C6 0C 49 43 CF 06 0F 19 
4F 10 0D 4F 0E 48 CF 08 0F 19 4F 10 0E 86 0F 4F 
0F 7D 0F 93 5B 38 03 20 3E 90 06 00 57 28 EC 03 
B0 13 AC BA CA 0C 3A 90 00 DC 03 28 3A 90 00 E0 
4D 28 3A 90 00 D8 32 28 3A 90 00 DC 2F 2C CC 06 
AC 00 06 00 76 40 0C 00 CF 0C 0F 19 4F 10 0E 4F 
0F 48 0F 19 48 10 0F 8C 0D 48 0D 7E 0D 93 36 38 
03 20 3F 90 06 00 32 28 3F 40 5C 00 6F 9C 2E 20 
FC 90 75 00 01 00 2A 20 EC 03 B0 13 AC BA 3C 90 
00 DC 24 28 3C 90 00 E0 21 2C 3C F0 FF 03 0D 43 
49 18 0A 5A 0C DA 0C 53 1D 63 03 3C 76 40 06 00 
0D 43 0D 93 03 20 3C 90 80 00 1F 28 0D 93 03 20 
3C 90 00 08 16 28 1D 93 0F 28 02 20 0C 93 0C 28 
3D 90 11 00 05 28 02 20 0C 93 02 28 4C 43 31 3C 
6E 42 79 40 F0 00 0A 3C 7E 40 03 00 79 40 E0 00 
05 3C 6E 43 79 40 C0 00 01 3C 5E 43 CF 0E 5F 83 
4F 93 0F 24 4B 4F 0A 4B 00 18 6A 57 CB 0C 7B D0 
80 00 7B F0 BF 00 CA 4B 00 00 B0 13 82 CD 5F 83 
F1 23 6E 93 02 28 4C D9 03 3C 39 40 7F 00 4C F9 
0F 07 CF 4C 00 00 4E 4E 0F 4E 00 18 C7 5F 00 00 
CC 06 46 16 10 01 2A 14 CA 0C DA 03 98 24 80 13 
94 22 BA 00 04 00 8E 00 00 80 DE 0A 0C 2C CB 0E 
8F 0F FE FF 00 18 6F FB EF 0E AF 00 04 00 CE 0F 
DE 0A F5 2B 01 3C 0B 43 29 4E 1D 4E 02 00 0F 18 
4D 5D 00 18 4D D9 80 1F 7D F0 FE FF ED 0E AD 00 
04 00 B0 13 0A D5 38 40 00 10 3F 40 00 00 0F 18 
4F 5F 00 18 4F D8 BF 00 04 00 EF 0C DF 0D 01 2C 
0D 43 DE 0A 62 20 19 B3 60 24 DB 03 04 24 1F 43 
2F BB 01 24 0B 43 DD 03 04 24 1F 43 2F BD 01 24 
0D 43 DB 03 03 24 CC 0B B0 13 BE D1 DD 03 03 24 
CC 0D B0 13 BE D1 DB 03 19 20 DD 03 06 20 BA F0 
FE FF 00 00 BA F3 02 00 3D 3C 3B 40 FE FF 3C 43 
2B FD 1C FD 02 00 3E 40 FE FF 3F 43 2E FA 1F FA 
02 00 0E 5B 0F 6C 2E 52 CB 0A 27 3C 2E 4B 1F 4B 
02 00 DD 03 15 24 39 40 FE FF 3C 43 29 FA 1C FA 
02 00 3E F0 FE FF 3F F3 0E 59 0F 6C 3A 40 FE FF 
3C 43 2A FD 1C FD 02 00 0E 5A 0F 6C 3E 52 0C 3C 
3C 40 FE FF 3D 43 2C FA 1D FA 02 00 3E F0 FE FF 
3F F3 0E 5C 0F 6D 2E 52 CA 0B 0F 63 8B 4E 00 00 
8B 4F 02 00 CC 0A B0 13 1A CC 80 13 98 22 28 16 
10 01 3A 14 B1 00 10 00 C7 0E C9 0D CA 0C CC 01 
8D 00 9E 93 3E 40 10 00 0F 43 B0 13 8E CE 08 43 
00 18 C2 43 8C 22 00 18 C2 43 90 22 DA 03 3F 24 
71 0A 00 00 CC 0A B0 13 A6 D5 1C 53 0D 63 81 4C 
04 00 81 4D 06 00 00 18 C1 43 08 00 B0 13 38 D2 
C8 0C D8 03 2C 24 CC 01 B0 13 AC C8 B0 13 3C CA 
CD 0C CC 08 B0 13 BC A7 0C 93 21 24 07 93 14 24 
CC 01 B0 13 3C CA 91 91 06 00 0A 00 05 28 17 20 
91 91 04 00 08 00 13 2C 3F 01 08 00 00 18 5F 51 
00 00 CF 93 00 00 0B 20 D9 03 07 24 3F 01 08 00 
00 18 5F 51 00 00 79 0F 00 00 CC 08 3F 3C D8 03 
03 24 CC 08 B0 13 7A C9 DA 03 37 24 0D 4A 0F 19 
4A 10 0C 4A 0F 43 0E 43 91 91 06 00 0A 00 12 28 
04 20 91 91 04 00 08 00 0D 28 81 93 06 00 03 20 
81 93 04 00 0B 24 1F 41 04 00 1E 41 06 00 1F 83 
0E 73 04 3C 1F 41 08 00 1E 41 0A 00 D9 03 0D 24 
CA 0E 0F 18 4A 5A 00 18 4A DF CB 0C 0F 18 4B 5B 
00 18 4B DD EB 0A 79 0B 00 00 82 4D 8C 22 82 4C 
8E 22 82 4F 90 22 82 4E 92 22 0C 43 A1 00 10 00 
37 16 10 01 3B 40 80 00 01 3C 0B 43 0A 14 09 14 
08 14 07 14 F1 03 3F B0 80 7F 7B 24 3D B0 80 7F 
05 20 0C 4E 0D 4F 8B 10 0D EB 73 3C 5D 02 08 4D 
4D 10 38 F0 00 FF 0D D8 5F 02 08 4F 4F 10 38 F0 
00 FF 0F D8 09 4C 0A 4D 3D F0 80 00 C1 4D 00 00 
0B EA 0B EF 3B C0 7F FF 3A D0 80 00 3F D0 80 00 
0A 9F 02 20 09 9E 0A 24 0B 2C 0D 4F 0F 4A 0A 4D 
0C 4E 0E 49 09 4C 81 EB 00 00 02 3C 0B 93 4F 20 
0C 43 08 4A 88 10 47 48 8F 10 48 8F 8F 10 0E 24 
38 90 19 00 34 2C 12 C3 4F 10 5E 00 5C 00 3C B0 
00 10 02 24 3C D0 00 20 18 83 F5 23 0B 93 0C 24 
08 8C 09 7E 4A 7F 0C 48 4A 93 12 30 5C 02 09 69 
4A 6A 17 83 2C 24 F8 3F 09 5E 4A 6F 09 28 4A 10 
59 00 5C 00 3C B0 00 10 02 24 3C D0 00 20 17 53 
3C B0 00 80 07 24 09 63 4A 63 07 63 3C B0 00 60 
01 20 19 C3 17 93 13 38 37 90 FF 00 13 34 7A C0 
80 00 87 10 D1 51 00 00 00 00 57 00 0A D7 0C 49 
0D 4A E1 03 07 16 08 16 09 16 0A 16 10 01 0D 43 
0C 43 F7 3F 3D 40 FF FE D1 61 00 00 00 00 5D 00 
3C 43 EF 3F 03 43 4A 14 B1 00 1A 00 C9 0D 16 4C 
14 00 17 4C 16 00 B0 13 E4 D6 C8 0C D9 03 02 20 
0C 43 71 3C CC 06 CD 07 0E 43 0F 43 B0 13 D2 BE 
0E 43 0F 43 B0 13 3E CB 0C 93 0C 20 CA 01 CE 0A 
CC 06 CD 07 3F 43 B0 13 AE 96 CC 0A B0 13 A6 D5 
CA 0C 0A 3C CA 01 CC 0A 8D 00 68 93 B0 13 94 D5 
CC 0A B0 13 A6 D5 CA 0C 0A 93 03 38 3A 90 1A 00 
02 38 0C 43 48 3C CD 0A 3D B0 00 80 0E 7E 3E E3 
1D 53 0E 63 CC 09 B0 13 BA B9 DC 03 02 20 0C 43 
3A 3C 0E 43 0F 43 3A B0 00 80 0D 7D 3D E3 0F 9D 
03 28 21 20 0E 9A 1F 2C CD 01 0B 4E EB 0D 68 9B 
03 20 7B 40 2E 00 04 3C CD 01 0B 4E EB 0D 6B 4B 
CD 0F 0F 18 4D 5D 00 18 4D DE ED 0C CD 4B 00 00 
1E 53 0F 63 3A B0 00 80 0D 7D 3D E3 0F 9D E4 2B 
02 20 0E 9A E1 2B 0F 18 4F 5F 00 18 4F DE EF 0C 
CF 43 00 00 3A B0 00 80 0F 7F 3F E3 89 5A 08 00 
89 6F 0A 00 1C 43 A1 00 1A 00 46 16 10 01 3A 14 
C9 0D CA 0C DA 03 02 24 D9 03 02 20 0C 43 73 3C 
1F 4A 0C 00 4F C3 1F 83 5F 24 1F 83 4D 24 2F 83 
3B 24 2F 82 0C 24 3F 82 0D 24 3F 80 10 00 0D 24 
3F 80 20 00 0D 24 3F 80 40 00 0F 24 0C 3C B0 13 
B6 B7 59 3C B0 13 84 D6 56 3C B0 13 90 BB 53 3C 
B0 13 C0 A5 50 3C 0C 43 4E 3C 00 18 CA 93 0E 00 
02 20 0C 43 48 3C 3C 0A 0E 00 B0 13 A6 D5 C7 0C 
C8 0D 17 53 08 63 CC 09 CD 07 CE 08 B0 13 BA B9 
DC 03 08 24 3D 0A 0E 00 CE 07 CF 08 B0 13 8E CE 
1C 43 31 3C 0C 43 2F 3C CC 09 3D 40 05 00 0E 43 
B0 13 BA B9 DC 03 06 24 8D 00 68 93 B0 13 94 D5 
1C 43 21 3C 0C 43 1F 3C CC 09 3D 40 05 00 0E 43 
B0 13 BA B9 DC 03 06 24 8D 00 72 93 B0 13 94 D5 
1C 43 11 3C 0C 43 0F 3C CC 09 3D 40 06 00 0E 43 
B0 13 BA B9 DC 03 06 24 8D 00 78 93 B0 13 94 D5 
1C 43 01 3C 0C 43 37 16 10 01 3A 14 CA 0C DA 03 
04 24 00 18 CA 93 00 00 02 20 0C 43 6D 3C 8A 93 
06 00 03 20 8A 93 04 00 0B 24 9A 9A 06 00 0A 00 
07 28 04 20 9A 9A 04 00 08 00 02 28 0C 43 5C 3C 
0E 93 03 20 3D 90 00 80 02 28 0C 43 55 3C 1D 5A 
08 00 1E 6A 0A 00 1D 53 0E 63 8A 9E 06 00 09 28 
03 20 8A 9D 04 00 05 28 3C 0A 08 00 00 18 6C 5A 
43 3C 8A 93 10 00 02 24 0C 43 3E 3C 0E 93 03 20 
3D 90 00 40 0B 28 0E 93 03 20 3D 90 00 80 02 28 
0C 43 32 3C 37 40 FF 7F 08 43 04 3C 5D 02 0E 6E 
C7 0D C8 0E CC 07 CD 08 B0 13 5E D5 C9 0C D9 03 
0B 20 0C 0A B0 13 26 D6 00 18 CA 43 04 00 00 18 
CA 43 00 00 0C 43 18 3C D9 03 09 24 0D 0A 1E 43 
0F 43 1E 5A 08 00 1F 6A 0A 00 B0 13 8E CE 0C 0A 
B0 13 26 D6 8A 47 04 00 8A 48 06 00 7A 09 00 00 
CC 09 00 18 5C 5A 08 00 37 16 10 01 0F 43 0D 43 
0B 43 0B 93 6B 20 2D 92 69 2C CE 0B 0F 18 4E 5E 
00 18 4E DD EE 0C FE 90 30 00 00 00 0A 28 CE 0B 
0F 18 4E 5E 00 18 4E DD EE 0C FE 90 3A 00 00 00 
40 28 CE 0B 0F 18 4E 5E 00 18 4E DD EE 0C FE 90 
41 00 00 00 0A 28 CE 0B 0F 18 4E 5E 00 18 4E DD 
EE 0C FE 90 47 00 00 00 21 28 CE 0B 0F 18 4E 5E 
00 18 4E DD EE 0C FE 90 61 00 00 00 0A 28 CE 0B 
0F 18 4E 5E 00 18 4E DD EE 0C FE 90 67 00 00 00 
02 28 0C 43 2C 3C CE 0B 0F 18 4E 5E 00 18 4E DD 
EE 0C 6E 4E 0F 5E 3F 80 57 00 15 3C CE 0B 0F 18 
4E 5E 00 18 4E DD EE 0C 6E 4E 0F 5E 3F 80 37 00 
0A 3C CE 0B 0F 18 4E 5E 00 18 4E DD EE 0C 6E 4E 
0F 5E 3F 80 30 00 0B 93 04 20 3D 90 03 00 01 2C 
5F 0E 1D 53 0B 63 02 20 2D 92 97 2B CC 0F 10 01 
3A 14 CA 0D 39 0C 08 00 DA 03 02 20 0C 43 63 3C 
CC 0A 1D 43 0E 43 B0 13 BA B9 DC 03 02 20 0C 43 
5A 3C FC 40 5B 00 00 00 9A 53 08 00 8A 63 0A 00 
9A 53 0C 00 8A 63 0E 00 D9 03 38 24 CC 09 CD 0A 
B0 13 BE B8 0C 93 02 20 0C 43 45 3C CC 0A B0 13 
10 D2 00 18 C9 93 00 00 26 24 8A 93 12 00 03 24 
28 43 07 43 02 3C 18 43 07 43 CD 08 CE 07 1D 53 
0E 63 CC 0A B0 13 BA B9 DC 03 02 20 0C 43 2B 3C 
AC 00 01 00 FC 40 2C 00 FF FF 8A 93 12 00 05 24 
AC 00 01 00 FC 40 20 00 FF FF CC 43 00 00 8A 58 
08 00 8A 67 0A 00 09 09 D9 03 C8 23 CC 0A 2D 43 
0E 43 B0 13 BA B9 DC 03 0D 24 AC 00 01 00 FC 40 
5D 00 FF FF CC 43 00 00 9A 83 0C 00 8A 73 0E 00 
1C 43 01 3C 0C 43 37 16 10 01 2A 14 B1 00 14 00 
C9 0D C8 0C 0A 43 CC 01 0D 43 3E 40 14 00 0F 43 
B0 13 52 D3 3C 40 00 01 0D 43 B0 13 5E D5 71 0C 
00 00 00 18 F1 40 00 01 04 00 81 49 12 00 00 18 
C1 93 00 00 3C 24 CC 08 CD 01 B0 13 BE B8 0C 93 
36 24 CC 01 B0 13 10 D2 1C 43 0D 43 1C 51 08 00 
1D 61 0A 00 B0 13 5E D5 CA 0C DA 03 28 24 1E 43 
0F 43 1E 51 08 00 1F 61 0A 00 81 9F 06 00 04 28 
08 20 81 9E 04 00 05 2C 1E 41 04 00 1F 41 06 00 
06 3C 1E 43 0F 43 1E 51 08 00 1F 61 0A 00 3D 01 
00 00 B0 13 8E CE CF 0A 00 18 5F 51 08 00 CF 43 
00 00 3C 01 00 00 B0 13 26 D6 CC 0A 0E 3C 00 18 
C1 93 00 00 04 24 3C 01 00 00 B0 13 26 D6 DA 03 
03 24 CC 0A B0 13 26 D6 0C 43 A1 00 14 00 28 16 
10 01 5A 14 92 53 9C 22 07 43 08 43 8C 00 12 92 
B0 13 CC D3 B0 13 68 D1 C6 0C D6 03 09 24 8D 00 
1C 92 B0 13 AC CF C7 0C C8 0D CC 06 B0 13 7A C9 
09 43 0A 43 8C 00 22 92 B0 13 CC D3 B0 13 68 D1 
C6 0C D6 03 09 24 8D 00 1C 92 B0 13 AC CF C9 0C 
CA 0D CC 06 B0 13 7A C9 8C 00 30 92 B0 13 CC D3 
C5 0C D5 03 32 24 8D 00 3A 92 8E 00 40 92 B0 13 
0C D1 CC 05 8D 00 4C 92 1E 43 B0 13 DE D0 B0 13 
CA D5 C6 0C D6 03 1E 24 8D 00 52 92 CE 07 CF 08 
B0 13 7E D0 CC 06 8D 00 58 92 CE 09 CF 0A B0 13 
7E D0 1C 42 9C 22 B0 13 A4 D2 CE 0C CF 0D CC 06 
8D 00 60 92 B0 13 7E D0 CC 05 8D 00 66 92 CE 06 
B0 13 A2 D6 CC 05 B0 13 DA CD 3C 40 98 3A 0D 43 
B0 13 94 D1 55 16 10 01 2A 14 CA 0D C9 0E C8 0C 
3D 40 FE FF 3E 43 2D F8 1E F8 02 00 0D 8A 0E 79 
02 20 3D 92 4A 28 CF 09 0F 18 4F 5F 00 18 4F DA 
EF 08 CB 0F AB 00 04 00 2D 82 0E 73 8B 4D 00 00 
8B 4E 02 00 8D 0F FE FF 00 18 6D FB AD 00 04 00 
ED 0F AD 00 04 00 B0 13 0A D5 3E 40 00 10 3F 40 
00 00 0F 18 4F 5F 00 18 4F DE BF 00 04 00 EF 0C 
DD 0F 1A 2C 1F 43 2F BD 17 20 CC 0D B0 13 BE D1 
3E 40 FE FF 3F 43 2E FD 1F FD 02 00 3C 40 FE FF 
3D 43 2C FB 1D FB 02 00 0C 5E 0D 6F 2C 52 0D 63 
8B 4C 00 00 8B 4D 02 00 CC 0B B0 13 1A CC 1A D3 
88 4A 00 00 88 49 02 00 02 3C 98 D3 00 00 28 16 
10 01 3A 14 07 4F 07 ED 0A 4F 5A 02 8A 10 4A 4A 
0A 93 49 24 7F D0 80 00 0B 4D 5B 02 8B 10 4B 4B 
0B 93 3F 24 7D D0 80 00 0B 5A 3B 80 7F 00 08 43 
09 43 0E 93 09 24 1A 43 5E 00 02 28 08 5C 09 6D 
59 00 58 00 5A 02 F8 2B 0E 43 1A 43 5F 00 02 28 
08 5C 09 6D 59 00 58 00 5E 00 3E B0 00 10 02 24 
3E D0 00 20 4A 5A F2 23 49 93 02 34 1B 53 03 3C 
0E 6E 08 68 49 69 3E B0 00 80 07 24 08 63 49 63 
0B 63 3E B0 00 60 01 20 18 C3 1B 93 0C 38 3B 90 
FF 00 0C 34 49 59 8B 10 09 DB 57 02 59 00 0D 49 
0C 48 37 16 10 01 0C 43 0D 43 FB 3F 3D 40 FF FE 
3C 43 57 02 5D 00 F5 3F 03 43 4A 14 CB 0C 1C 4B 
04 00 1F 4B 06 00 3A 43 1B 3C 2E 4B 1D 4B 02 00 
0D 93 05 20 0E 93 03 20 3C 40 F6 FF 45 3C CC 0E 
B0 13 6E CD CF 0D 8B 4C 04 00 8B 4F 06 00 CD 0E 
44 18 0D 5D 8B 43 00 00 8B 4D 02 00 3A 50 15 00 
C9 0C 0F 93 02 20 09 93 E0 27 08 43 3F 90 10 00 
03 28 0B 20 09 93 09 2C 18 53 59 02 0F 6F 3F 90 
10 00 FA 2B 02 20 09 93 F7 2B 08 93 1B 24 26 4B 
17 4B 02 00 3E 40 20 00 0E 88 CC 06 CD 07 B0 13 
FA D5 0C D9 0D DF 8B 4C 04 00 8B 4D 06 00 CC 06 
CD 07 CE 08 B0 13 EA D5 C6 0C C7 0D 8B 46 00 00 
8B 47 02 00 CC 08 0C 5A 46 16 10 01 B1 00 0E 00 
3C 40 CC 01 B0 13 DE D4 B2 40 20 A5 A0 01 F2 D0 
C0 00 0D 02 B2 F0 FC FF 8E 01 A2 C3 02 01 A2 B3 
02 01 F8 23 32 D0 40 00 92 42 86 01 86 01 82 43 
80 01 B2 40 0E 00 82 01 B2 40 DB 02 84 01 00 3C 
03 43 32 C0 40 00 B2 B0 00 03 8E 01 FC 23 82 43 
88 01 F2 D0 10 00 24 02 F2 D0 10 00 2A 02 F2 F0 
EF 00 2C 02 CC 01 8D 00 BE 93 3E 40 0E 00 0F 43 
B0 13 8E CE B1 40 00 01 00 00 81 43 02 00 A1 43 
06 00 D1 43 0C 00 B1 40 20 00 04 00 3C 40 80 03 
CD 01 B0 13 88 C5 3C 40 80 03 3D 40 10 00 B0 13 
D8 D6 03 43 32 D2 03 43 A1 00 0E 00 10 01 1A 14 
B1 00 04 00 CA 0C C2 93 A0 22 06 24 B0 13 5C D2 
4C 93 02 20 0C 43 3F 3C B0 13 34 D6 CC 0A B0 13 
B2 D6 CA 0C DA 03 09 20 8C 00 D2 92 B0 13 EA D3 
CA 0C B0 13 42 D6 CC 0A 2E 3C CD 01 B0 13 4A D5 
C9 0C CC 0A B0 13 26 D6 D9 03 0A 24 B0 13 C6 D6 
CC 09 B0 13 EA D3 CA 0C B0 13 42 D6 CC 0A 1B 3C 
3C 01 00 00 B0 13 70 D6 CA 0C DA 03 08 24 3C 01 
00 00 B0 13 26 D6 B0 13 42 D6 CC 0A 0C 3C 3C 01 
00 00 B0 13 26 D6 8C 00 E8 92 B0 13 EA D3 CA 0C 
B0 13 42 D6 CC 0A A1 00 04 00 19 16 10 01 1A 14 
CE 0D 0E 93 07 20 0C 93 05 20 0C 43 0D 43 0E 43 
0F 43 42 3C 0E 93 03 38 06 20 1C 93 04 2C 3C E3 
3D E3 1C 53 0D 63 1D 93 06 28 02 20 0C 93 03 28 
3F 40 1D 04 04 3C CD 0C 0C 43 3F 40 0D 04 3D 90 
00 01 03 28 05 20 0C 93 03 2C 3F 82 B0 13 3C CD 
3D 90 00 80 03 28 0B 20 0C 93 09 2C 1F 83 5C 02 
0D 6D 3D 90 00 80 FA 2B 02 20 0C 93 F7 2B CB 0C 
44 18 0B 5B 0A 43 B0 13 6E CD 3F B0 00 80 09 79 
39 E3 5F 0E 0D 5F 0E 93 03 34 0C 53 3D 60 00 80 
CE 0C CF 0D CC 0A CD 0B 19 16 10 01 5B 43 9C D3 
00 00 BC F0 3F FF 00 00 6F 4D 8C DF 00 00 BC F0 
FF DF 00 00 9C DD 08 00 00 00 BC F0 FF F7 00 00 
9C DD 0A 00 00 00 5F 4D 06 00 0F 93 12 24 1F 83 
09 24 1F 83 11 20 BC D0 00 80 00 00 BC D0 00 40 
00 00 0A 3C BC D0 00 80 00 00 BC F0 FF BF 00 00 
03 3C BC F0 FF 7F 00 00 CF 0C 3F 50 06 00 9F 4D 
02 00 00 00 5F 4D 05 00 5F 0E 5E 4D 04 00 0E 5F 
5E 0E 5F 4D 0E 00 0E 5F CF 0C 3F 52 8F 4E 00 00 
BC F0 FF E8 00 00 9C DD 0C 00 00 00 BC F0 C1 FF 
00 00 CC 0B 10 01 B1 00 10 00 6C 42 2D 42 5E 43 
B0 13 F2 C6 6C 42 3D 42 5E 43 B0 13 64 C7 CC 01 
8D 00 AE 93 3E 40 10 00 0F 43 B0 13 8E CE F1 40 
80 00 00 00 B1 40 9C 00 02 00 E1 42 04 00 C1 43 
05 00 D1 43 0E 00 C1 43 06 00 81 43 08 00 81 43 
0A 00 81 43 0C 00 3C 40 80 05 CD 01 B0 13 2C C2 
3C 40 80 05 B0 13 BA D6 3C 40 80 05 5D 43 B0 13 
0A D6 3C 40 80 05 5D 43 B0 13 EC D2 03 43 32 D2 
03 43 00 18 C2 43 78 22 00 18 C2 43 80 22 00 18 
C2 43 7C 22 A1 00 10 00 10 01 5A 14 3C 40 FA 00 
0D 43 B0 13 18 D6 B0 13 92 D4 47 43 0A 43 3A 90 
0A 00 3A 34 8C 00 CA 92 2D 43 0E 43 5F 43 B0 13 
AC D4 48 43 49 43 B0 13 36 D5 C5 0C C6 0D 0F 3C 
58 43 B0 13 AE D3 7C 90 20 00 01 28 59 43 B0 13 
90 D3 4C 93 F5 23 1C 43 0D 43 B0 13 18 D6 B0 13 
36 D5 CE 05 CF 06 3E 50 F4 01 0F 63 0D 9F EF 2B 
02 20 0C 9E EC 2B 58 93 02 20 49 93 0C 24 3C 40 
F4 01 0D 43 B0 13 18 D6 B0 13 92 D4 1A 53 3A 90 
0A 00 C8 3B 01 3C 57 43 CC 07 55 16 10 01 3A 14 
07 4F 07 ED 0A 4F 5A 02 8A 10 4A 4A 0A 93 38 24 
7F D0 80 00 0B 4D 5B 02 8B 10 4B 4B 0B 93 2B 24 
7D D0 80 00 0B 8A 3B 50 7F 00 3A 40 18 00 08 43 
09 43 0C 8E 0D 7F 03 2C 0C 5E 0D 6F 12 C3 08 68 
09 69 5C 02 0D 6D 1A 83 F4 23 49 93 03 30 1A 53 
1B 83 EF 3F 0C 7E 0D 7F 08 63 49 63 0B 63 1B 93 
0C 38 3B 90 FF 00 0C 34 49 59 8B 10 09 DB 57 02 
59 00 0D 49 0C 48 37 16 10 01 0C 43 0D 43 FB 3F 
3C 40 FF FE 3D 43 57 02 5D 00 F5 3F 03 43 1A 14 
CA 0C CB 0D CC 0E CD 0F 3C F3 3D F0 0F 00 B0 13 
4C CD C9 0B 4B 19 09 10 0C 59 0D 63 CE 0F 5E 0F 
3E F0 FF 07 3E 80 80 03 1E 93 1A 38 3E 90 FF 00 
1A 38 3E 90 7F 04 0F 20 0D 93 06 20 0C 93 04 20 
0B 93 02 20 0A 93 03 24 0C D3 3D D0 80 00 3C F0 
FE FF 3D F3 02 3C 0C 43 0D 43 3E 40 FF 00 03 3C 
0C 43 0D 43 0E 43 3E B0 00 80 0B 7B 3B E3 46 18 
0E 5E 1C 53 0D 63 5D 01 5C 00 0D 5E 0F 93 03 34 
0C 53 3D 60 00 80 19 16 10 01 0B 4D 0E 4B 3B F0 
80 7F 37 24 5B 02 8B 10 7E D0 80 00 3B 80 7F 00 
30 30 3B 90 1F 00 16 24 26 34 3B 80 17 00 05 30 
1B 83 08 30 5C 02 0E 6E FB 3F 5E 01 5C 00 1B 53 
01 24 FB 3F 0D 93 04 34 3E E3 3C E3 1C 53 0E 63 
0D 4E 10 01 3E D0 00 01 5C 02 0E 6E FD 2F 5E 01 
5C 00 3E 90 00 40 01 24 06 3C 0D 93 04 34 3D 40 
00 80 0C 43 10 01 0D 93 FA 33 3D 40 FF 7F 3C 43 
10 01 0D 43 0C 43 10 01 BC F0 C9 E4 00 00 CF 0C 
3F 50 20 00 0F 4F BF F0 F8 FF 00 00 CF 0C 3F 50 
20 00 0E 4F 3F 40 07 00 1F FD 02 00 8E DF 00 00 
1F 4D 0A 00 2F 5D 1F 5D 06 00 3E 40 F8 1F 1E FD 
02 00 5E 0A 0E 5F 8C DE 00 00 CD 93 0C 00 03 24 
BC D0 10 00 00 00 BD 90 10 00 08 00 07 24 CF 0C 
2F 53 0F 4F BF F0 EF FF 00 00 06 3C CF 0C 2F 53 
0F 4F BF D0 10 00 00 00 3C 50 12 00 9C 4D 04 00 
00 00 10 01 3A 14 40 18 1A 42 CC 01 40 18 B2 40 
80 5A CC 01 8F 00 A2 90 9F 00 AE 90 25 24 89 00 
B4 90 8F 00 C4 90 D9 0F 1F 24 CE 09 0F 19 4E 10 
0E 4E 0C 4F 0F 19 4F 10 0C 89 0D 4F 0D 7E B0 13 
12 CD C8 0C C7 0D 0C 09 7F 4C 5F 06 00 18 5F 4F 
A2 90 A9 00 04 00 0D 09 4F 13 A9 00 04 00 18 83 
07 73 F1 23 08 93 EF 23 7A C2 3A D0 08 5A 40 18 
82 4A CC 01 B0 13 F0 D6 37 16 10 01 2A 14 78 4C 
09 43 14 3C 0B 4B CE 0D FE 0B BE 00 01 00 AD 00 
01 00 FD 4E FF FF 1F 83 FA 23 04 3C AD 00 01 00 
FD 4C FF FF 58 03 19 53 39 92 E9 37 18 B3 F6 23 
7B 4C 7F 4C CE 0B 5E 0E CB 0F 5B 0F 3B F0 0F 00 
0B DE 3F F0 0F 00 3F 50 03 00 3F 90 12 00 0C 20 
7E 4C 3E B0 80 00 07 24 7A 4C 3E F0 7F 00 4A 4A 
46 18 0A 5A 0E DA 0F 5E 3B 90 FF 0F CB 23 28 16 
10 01 4F 4C 5F 02 40 18 1F 4F 82 93 5C B3 02 20 
4D 4D 8D 10 CC 0F 2C 52 0C 4C 8C CD 00 00 4E 4E 
1E 83 1C 24 1E 83 0E 24 1E 83 23 20 CE 0F 3E 50 
0A 00 0E 4E 8E DD 00 00 3F 50 0C 00 0F 4F 8F DD 
00 00 17 3C CE 0F 3E 50 0A 00 0E 4E 8E CD 00 00 
3F 50 0C 00 0F 4F 8F DD 00 00 0B 3C CE 0F 3E 50 
0A 00 0E 4E 8E DD 00 00 3F 50 0C 00 0F 4F 8F CD 
00 00 10 01 4F 4C 5F 02 40 18 1F 4F 82 93 5C B3 
02 20 4D 4D 8D 10 CC 0F 2C 52 0C 4C 8C DD 00 00 
4E 4E 1E 83 1C 24 1E 83 0E 24 1E 83 23 20 CE 0F 
3E 50 0A 00 0E 4E 8E DD 00 00 3F 50 0C 00 0F 4F 
8F DD 00 00 17 3C CE 0F 3E 50 0A 00 0E 4E 8E CD 
00 00 3F 50 0C 00 0F 4F 8F DD 00 00 0B 3C CE 0F 
3E 50 0A 00 0E 4E 8E DD 00 00 3F 50 0C 00 0F 4F 
8F CD 00 00 10 01 3A 14 C9 0C C8 0E CC 0D D9 03 
04 24 DC 03 02 24 D8 03 02 20 0C 43 29 3C 0F 93 
0C 20 B0 13 CA CE C7 0C D7 03 02 20 0C 43 20 3C 
3A 40 FF FD 1A F8 0C 00 07 3C B0 13 F2 D6 C7 0C 
3A 40 00 02 1A D8 0C 00 B8 B0 00 02 0C 00 08 20 
00 18 C8 93 18 00 04 24 3C 08 18 00 B0 13 26 D6 
78 07 18 00 88 4A 0C 00 CC 09 CD 08 B0 13 3A D1 
37 16 10 01 0B 4D 0E 4B 3B F0 80 7F 2D 24 5B 02 
8B 10 7E D0 80 00 3B 80 7F 00 26 30 3B 90 0F 00 
11 24 1D 34 5E 01 5C 00 1E 93 01 24 FB 3F 1B 83 
03 30 5C 02 0E 6E FB 3F 0D 93 02 34 3E E3 1E 53 
0C 4E 10 01 8E 10 8C 10 4C 4C 0C DE 3C 90 00 80 
01 24 05 3C 0D 93 03 34 3C 40 00 80 10 01 0D 93 
FB 33 3C 40 FF 7F 10 01 0C 43 10 01 0A 14 CA 0C 
DA 03 0A 24 00 18 CA 93 00 00 06 24 8A 93 0A 00 
03 20 8A 93 08 00 02 24 0C 43 22 3C DA 03 1F 24 
2E 42 0F 43 1E 5A 08 00 1F 6A 0A 00 1F 9A 06 00 
04 28 15 20 1E 9A 04 00 12 2C 3C 0A 08 00 00 18 
6C 5A 8D 00 7E 93 3E 40 03 00 0F 43 B0 13 3E CF 
0C 93 05 20 BA 50 03 00 08 00 8A 63 0A 00 CC 0A 
0A 16 10 01 5C 43 3D 43 B0 13 18 D0 7C 40 03 00 
3D 43 B0 13 18 D0 7C 40 05 00 3D 43 B0 13 18 D0 
7C 40 07 00 3D 43 B0 13 18 D0 7C 40 09 00 3D 43 
B0 13 18 D0 5C 43 3D 43 B0 13 08 D4 7C 40 03 00 
3D 43 B0 13 08 D4 7C 40 05 00 3D 43 B0 13 08 D4 
7C 40 07 00 3D 43 B0 13 08 D4 7C 40 09 00 3D 43 
B0 13 08 D4 B0 13 CC D6 10 01 1A 14 CA 0C DA 03 
2B 24 09 0A BA B0 00 01 0C 00 08 20 00 18 CA 93 
08 00 04 24 3C 0A 08 00 B0 13 7A C9 BA B0 00 01 
0C 00 08 20 00 18 CA 93 0E 00 04 24 3C 0A 0E 00 
B0 13 26 D6 BA B0 00 02 0C 00 08 20 00 18 CA 93 
18 00 04 24 3C 0A 18 00 B0 13 26 D6 CC 0A B0 13 
26 D6 CA 09 DA 03 D5 23 19 16 10 01 2A 14 C8 0C 
C9 0D B0 13 38 D2 CA 0C DA 03 25 24 BA 42 0C 00 
8A 48 14 00 8A 49 16 00 CC 08 CD 09 3E 40 00 FE 
3F 40 FF 46 B0 13 3E CB 0C 93 03 38 3C 40 FF 7F 
10 3C 0C 43 3D 40 00 C7 CE 08 CF 09 B0 13 3E CB 
0C 93 03 38 3C 40 00 80 04 3C CC 08 CD 09 B0 13 
44 C8 8A 4C 12 00 CC 0A 28 16 10 01 DC 03 04 24 
00 18 CC 93 00 00 06 20 0C 43 23 3C 9C 53 08 00 
8C 63 0A 00 DC 03 11 24 9C 9C 06 00 0A 00 05 28 
0C 20 9C 9C 04 00 08 00 08 2C 3F 0C 08 00 00 18 
6F 5C FF 90 21 00 00 00 E9 2B 9C 9C 06 00 0A 00 
08 20 9C 9C 04 00 08 00 04 20 9C 83 08 00 8C 73 
0A 00 10 01 0A 14 09 14 09 43 0A 43 1B 43 0F 93 
04 24 09 4D 0D 4C 0C 43 0D 3C 5C 02 0D 6D 09 69 
09 8E 04 28 1C D3 5B 02 F8 2B 03 3C 09 5E 5B 02 
F4 2B 1B 43 5C 02 0D 6D 09 69 0A 6A 09 8E 0A 7F 
04 28 1C D3 5B 02 F6 2B 04 3C 09 5E 0A 6F 5B 02 
F1 2B 0E 49 0F 4A 09 16 0A 16 10 01 2A 14 C9 0D 
CA 0C DA 03 02 24 D9 03 02 20 1C 43 1E 3C DA 09 
06 20 0C 43 1A 3C AA 00 01 00 A9 00 01 00 6C 49 
B0 13 B8 D5 C8 0C 6C 4A B0 13 B8 D5 0C 98 09 24 
6C 49 B0 13 B8 D5 C9 0C 6C 4A B0 13 B8 D5 0C 89 
04 3C CA 93 00 00 E7 23 0C 43 28 16 10 01 0B 4D 
0B EF 0A 30 0D 93 12 30 0D 9F 02 24 19 34 16 3C 
0C 9E 18 24 13 28 14 3C 3D B0 80 7F 04 20 3F B0 
80 7F 01 20 0F 24 0D 9F 0B 34 08 3C 0F 9D 02 24 
07 34 04 3C 0E 9C EC 27 01 28 02 3C 3C 43 10 01 
1C 43 10 01 0C 43 10 01 0E 4D 0C 93 02 20 0D 93 
1F 24 0E 93 05 34 3D E3 3C E3 1C 53 0D 63 15 30 
3B 40 9F 00 1B 83 5C 02 0D 6D FC 2B 12 C3 5D 00 
5C 00 3F 40 06 00 5D 01 5C 00 1F 83 FC 37 8B 10 
0D DB 5E 02 5D 00 5C 00 10 01 3D 40 00 CF 0C 43 
10 01 1A 14 C9 0D DC 03 02 24 D9 03 02 20 0C 43 
1A 3C 3A 0C 08 00 0E 93 0C 20 DA 03 13 24 3D 0A 
18 00 CC 09 B0 13 EC CA 0C 93 0C 24 0A 0A F5 3F 
0A 0A DA 03 07 24 3D 0A 18 00 CC 09 B0 13 5C D4 
0C 93 F6 23 CC 0A 19 16 10 01 1A 14 39 40 FE FF 
3A 43 29 FC 1A FC 02 00 8F 00 04 22 04 3C 2E 42 
00 18 6E 5F CF 0E 0B 0F DB 03 0B 24 3D 40 FE FF 
3E 43 2D FB 1E FB 02 00 0E 9A F1 2B 02 20 0D 99 
EE 2B 00 18 EC 4F 04 00 7F 0C 00 00 19 16 10 01 
0A 14 DC 03 02 20 4C 43 1A 3C B0 13 AA D6 CA 0C 
DA 03 02 20 5C 43 13 3C B0 13 24 D4 0C 93 02 20 
4C 43 0D 3C 00 18 CA 93 0E 00 08 24 4C 43 3F 0A 
0E 00 CF 93 00 00 03 20 5C 43 01 3C 5C 43 0A 16 
10 01 0A 14 0A 43 0F 93 05 34 3E E3 3F E3 1E 53 
0F 63 1A D3 0D 93 05 34 3C E3 3D E3 1C 53 0D 63 
3A E3 B0 13 94 CA 1A B3 04 24 3C E3 3D E3 1C 53 
0D 63 2A B3 04 24 3E E3 3F E3 1E 53 0F 63 0A 16 
10 01 5D 01 5C 00 5D 01 5C 00 5D 01 5C 00 5D 01 
5C 00 5D 01 5C 00 5D 01 5C 00 5D 01 5C 00 5D 01 
5C 00 5D 01 5C 00 5D 01 5C 00 5D 01 5C 00 5D 01 
5C 00 5D 01 5C 00 5D 01 5C 00 5D 01 5C 00 10 01 
5C 02 0D 6D 5C 02 0D 6D 5C 02 0D 6D 5C 02 0D 6D 
5C 02 0D 6D 5C 02 0D 6D 5C 02 0D 6D 5C 02 0D 6D 
5C 02 0D 6D 5C 02 0D 6D 5C 02 0D 6D 5C 02 0D 6D 
5C 02 0D 6D 5C 02 0D 6D 5C 02 0D 6D 10 01 5D 03 
5C 00 5D 03 5C 00 5D 03 5C 00 5D 03 5C 00 5D 03 
5C 00 5D 03 5C 00 5D 03 5C 00 5D 03 5C 00 5D 03 
5C 00 5D 03 5C 00 5D 03 5C 00 5D 03 5C 00 5D 03 
5C 00 5D 03 5C 00 5D 03 5C 00 10 01 B0 13 20 D5 
4C 93 FC 27 82 93 82 22 04 20 B2 90 00 02 80 22 
06 28 5C 42 00 20 00 18 D2 43 80 22 0D 3C 1E 42 
80 22 1F 42 82 22 CD 0E 1D 53 0F 63 82 4D 80 22 
82 4F 82 22 5C 4E 00 20 10 01 2A 14 CA 0C DA 03 
02 20 4C 43 16 3C B0 13 EE C0 C9 0C D9 03 0D 24 
8D 00 CE 92 B0 13 60 CC C8 0C CC 0A B0 13 7A C9 
CC 09 B0 13 7A C9 CC 08 04 3C CC 0A B0 13 7A C9 
4C 43 28 16 10 01 B1 00 06 00 3E 40 04 00 3E F0 
3F 00 81 4E 00 00 3F 40 01 00 1F F3 81 4F 02 00 
3D 40 01 00 1D F3 81 4D 04 00 5E 06 5F 02 0F DE 
1F D1 04 00 3F D0 00 A5 82 4F 60 01 A1 00 06 00 
10 01 B0 13 3C C0 B0 13 14 C9 8C 00 50 D6 8D 00 
16 B4 8E 00 94 D1 8F 00 7A D6 B0 13 82 D5 8C 00 
C6 C2 8D 00 E2 CF 8E 00 20 D5 8F 00 9C CD B0 13 
E8 D1 B0 13 AE D0 B0 13 42 BD FD 3F 03 43 2A 14 
0F 93 02 20 0E 93 17 24 09 43 08 43 CB 08 0F 18 
4B 5B 00 18 4B D9 EB 0D CA 08 0F 18 4A 5A 00 18 
4A D9 EA 0C EA 4B 00 00 19 53 08 63 08 9F EE 2B 
02 20 09 9E EB 2B 28 16 10 01 3A 14 C7 0C D7 03 
02 20 0C 43 15 3C B0 13 A6 D5 C9 0C CA 0D 19 53 
0A 63 CC 09 CD 0A B0 13 5E D5 C8 0C D8 03 07 24 
CD 07 CE 09 CF 0A B0 13 8E CE CC 08 01 3C 0C 43 
37 16 10 01 0E 43 2E 92 17 34 CF 0C 4B 19 0F 10 
5C 0E 3F 90 0A 00 07 2C AD 00 01 00 7F 50 30 00 
CD 4F FF FF 06 3C AD 00 01 00 7F 50 37 00 CD 4F 
FF FF 1E 53 2E 92 E9 3B CD 43 00 00 10 01 1A 14 
0F 93 02 20 0E 93 14 24 CB 0C 6A 4D 6C 4B 49 4C 
09 9A 03 24 4C 4C 0C 8A 0C 3C 0A 93 09 24 AB 00 
01 00 AD 00 01 00 1E 83 0F 73 EF 23 0E 93 ED 23 
0C 43 19 16 10 01 1A 14 C9 0C B0 13 38 D2 CA 0C 
DA 03 0C 24 BA 40 10 00 0C 00 CC 09 B0 13 CA CE 
7A 0C 0E 00 00 18 CA 93 0E 00 02 24 CC 0A 04 3C 
CC 0A B0 13 7A C9 0C 43 19 16 10 01 0A 14 DC 03 
14 24 B0 13 AA D6 CA 0C DA 03 0C 24 B0 13 78 D4 
0C 93 05 24 1C 4A 14 00 1D 4A 16 00 08 3C 0C 43 
0D 43 05 3C 0C 43 0D 43 02 3C 0C 43 0D 43 0A 16 
10 01 2A 14 CA 0D C9 0E C8 0C 09 93 02 20 0A 93 
11 24 3C 40 80 05 5D 43 B0 13 5C D6 4C 93 F9 23 
7D 48 3C 40 80 05 B0 13 0E D3 1A 83 09 73 F1 23 
0A 93 EF 23 28 16 10 01 4F 4C 5F 02 40 18 1F 4F 
82 93 5C B3 02 20 4D 4D 8D 10 CE 0F 3E 50 0A 00 
0E 4E 8E CD 00 00 CE 0F 3E 50 0C 00 0E 4E 8E CD 
00 00 2F 52 0F 4F 8F DD 00 00 10 01 CF 0C 3F 50 
2A 00 2E 43 2E BF 05 20 CF 0C 3F 50 2C 00 2E BF 
FB 27 4D 4D CF 0C 3F 50 0E 00 8F 4D 00 00 CF 0C 
3F 50 2C 00 2E BF FB 27 AC D2 00 00 10 01 2A 14 
CA 0D C9 0C CC 0E CD 0F B0 13 DC C9 C8 0C CC 09 
CD 0A CE 08 0F 43 B0 13 D6 C7 0C 93 02 24 CC 08 
04 3C CC 08 B0 13 7A C9 0C 43 28 16 10 01 0A 14 
8C 00 C6 91 B0 13 CC D3 CA 0C 8D 00 D2 91 8E 00 
DA 91 B0 13 0C D1 CC 0A 8D 00 00 92 8E 00 06 92 
B0 13 0C D1 CC 0A B0 13 DA CD 0A 16 10 01 2A 14 
CA 0C CC 0E C9 0D B0 13 72 D3 C8 0C CC 0A CD 09 
CE 08 0F 43 B0 13 D6 C7 0C 93 02 24 CC 08 04 3C 
CC 08 B0 13 7A C9 0C 43 28 16 10 01 2A 14 CA 0C 
CC 0E C9 0D B0 13 76 CF C8 0C CC 0A CD 09 CE 08 
0F 43 B0 13 D6 C7 0C 93 02 24 CC 08 04 3C CC 08 
B0 13 7A C9 0C 43 28 16 10 01 CF 0C DD 03 02 24 
DF 03 02 20 0C 43 0F 3C 3C 0F 08 00 DC 03 04 20 
7F 0D 08 00 07 3C 0C 0C 00 18 CC 93 00 00 FB 23 
B0 13 98 D6 1C 43 10 01 1A 14 C9 0C D9 03 02 20 
0C 43 0E 3C B0 13 EE C0 CA 0C DA 03 05 24 CC 09 
B0 13 7A C9 CC 0A 04 3C CC 09 B0 13 7A C9 0C 43 
19 16 10 01 CE 0C CF 0D B0 13 7A D6 0E 5C 0F 6D 
B0 13 7A D6 0D 9F 03 28 09 20 0C 9E 07 2C B0 13 
7A D6 0D 9F FC 2B 02 20 0C 9E F9 2B 10 01 8F 00 
04 22 04 3C 2E 42 00 18 6E 5F CF 0E 0E 0F DE 03 
02 24 DE 0C F7 23 00 18 CF 93 00 00 04 24 00 18 
DF 4C 04 00 00 00 10 01 00 18 D2 43 2C 22 60 0C 
30 22 60 0D 34 22 60 0E 38 22 60 0F 3C 22 00 18 
F2 40 5A C3 54 22 00 18 F2 40 02 AD 58 22 10 01 
0A 14 CA 0C DA 03 0E 24 00 18 CA 93 00 00 0A 24 
3C 0A 08 00 00 18 6C 5A B0 13 A6 D5 8A 5C 08 00 
8A 6D 0A 00 0A 16 10 01 0A 14 3C 40 1C 00 0D 43 
B0 13 5E D5 CA 0C DA 03 06 24 0D 43 3E 40 1C 00 
0F 43 B0 13 52 D3 CC 0A 0A 16 10 01 0A 14 B0 13 
34 D6 4A 43 B0 13 70 D5 4C 93 01 20 5A 43 C2 4A 
A0 22 B0 13 42 D6 1C 43 5C E2 A0 22 0A 16 10 01 
1F 4C 01 00 1E 4C 03 00 0E 93 02 20 0F 93 09 24 
AD 00 01 00 CD 43 FF FF 1F 83 0E 73 F9 23 0F 93 
F7 23 10 01 0D 4C 0D 93 0E 24 3B 40 8F 00 1B 83 
5D 02 FD 2B 4C 4D 8C 10 8D 10 4D 4D 8B 10 0D DB 
12 C3 5D 00 5C 00 10 01 02 12 32 C2 03 43 82 4C 
D0 04 82 4D D2 04 82 4E E0 04 82 4F E2 04 1C 42 
E4 04 1D 42 E6 04 32 41 03 43 10 01 3F 40 0F 00 
4F FD CE 0C 3E 50 1A 00 0E 4E 4F 4F 8E DF 00 00 
3F 40 30 00 4F FD 4F 4F 8C DF 00 00 10 01 CF 0C 
3F 50 1A 00 2E 43 2E BF 05 20 CF 0C 3F 50 1C 00 
2E BF FB 27 4D 4D 3C 50 0E 00 8C 4D 00 00 10 01 
CF 0C 3F 50 2A 00 2E 43 2E BF 05 20 CF 0C 3F 50 
2C 00 2E BF FB 27 4D 4D 3C 50 0E 00 8C 4D 00 00 
10 01 CB 0C 0F 93 02 20 0E 93 0A 24 4D 4D AB 00 
01 00 CB 4D FF FF 1E 83 0F 73 F9 23 0E 93 F7 23 
10 01 0A 14 CA 0C B0 13 38 D2 DC 03 07 24 0A 93 
02 24 2F 43 01 3C 1F 43 8C 4F 0C 00 0A 16 10 01 
82 93 2E 22 07 20 92 93 2C 22 04 20 00 18 C2 93 
38 22 02 20 4C 43 02 3C 80 13 38 22 10 01 82 93 
2E 22 07 20 92 93 2C 22 04 20 00 18 C2 93 3C 22 
02 20 4C 43 02 3C 80 13 3C 22 10 01 1A 14 C9 0C 
B0 13 CA D5 CA 0C DA 03 05 24 8D 00 08 93 CE 09 
B0 13 0C D1 CC 0A 19 16 10 01 1A 14 C9 0C B0 13 
CA D5 CA 0C DA 03 05 24 8D 00 CE 92 CE 09 B0 13 
0C D1 CC 0A 19 16 10 01 4F 4C 5F 02 40 18 1F 4F 
82 93 5C B3 02 20 4D 4D 8D 10 2F 53 0F 4F 8F CD 
00 00 10 01 DC 03 0A 24 0F 43 1E 4C 0C 00 4E C3 
3E 90 10 00 01 20 1F 43 CC 0F 01 3C 0C 43 10 01 
6F 4C 4D 4D 07 3C 0F 93 02 20 0C 43 10 01 AC 00 
01 00 6F 4C 4E 4D 0F 9E F6 23 10 01 CF 0C 6E 4F 
6B 4D 4C 4E 0C 8B 4E 93 06 24 AD 00 01 00 AF 00 
01 00 0C 93 F4 27 10 01 DC 03 09 24 0F 43 1E 4C 
0C 00 4E C3 3E 92 01 20 1F 43 CC 0F 01 3C 0C 43 
10 01 82 93 2E 22 09 20 92 93 2C 22 06 20 00 18 
C2 93 30 22 02 24 80 13 30 22 10 01 82 93 2E 22 
09 20 92 93 2C 22 06 20 00 18 C2 93 34 22 02 24 
80 13 34 22 10 01 02 12 32 C2 03 43 82 4C C0 04 
82 4D C8 04 1C 42 CA 04 32 41 03 43 10 01 2F 4C 
7F F0 7F 00 7F D0 80 00 4F 4F 3F 50 00 5A 8C 4F 
00 00 10 01 CF 0C CC 0D CD 0F AD 00 05 00 1E 4F 
01 00 1F 4F 03 00 80 00 8E CE B1 00 04 00 00 18 
F1 40 00 80 00 00 3C 01 00 00 A1 00 04 00 10 01 
4C 43 92 92 82 22 7E 22 04 20 92 92 80 22 7C 22 
01 24 5C 43 10 01 00 18 C2 93 28 22 03 24 80 13 
28 22 02 3C 0C 43 0D 43 10 01 00 18 C2 93 58 22 
03 24 80 13 58 22 02 3C 8C 00 38 93 10 01 00 18 
C2 93 1C 22 03 24 80 13 1C 22 01 3C 0C 43 10 01 
00 18 C2 93 54 22 03 24 80 13 54 22 01 3C 5C 43 
10 01 60 0C 1C 22 60 0D 20 22 60 0E 24 22 60 0F 
28 22 10 01 CF 0C 7E 4D AF 00 01 00 CF 4E FF FF 
0E 93 F9 23 10 01 3F 43 3D 43 1F 53 0D 63 7E 4C 
0E 93 FB 23 CC 0F 10 01 CF 0C 1F 53 40 18 DF B3 
C4 90 02 24 3C 50 20 00 10 01 B0 13 38 D2 DC 03 
03 24 BC 40 40 00 0C 00 10 01 3E F0 1F 00 04 24 
5D 01 5C 00 1E 83 FC 23 10 01 3E F0 1F 00 04 24 
5C 02 0D 6D 1E 83 FC 23 10 01 3E F0 1F 00 04 24 
5D 03 5C 00 1E 83 FC 23 10 01 3C 50 1C 00 0F 4C 
4D 4D 8F CD 00 00 10 01 00 18 C2 93 24 22 02 24 
80 13 24 22 10 01 00 18 C2 93 20 22 02 24 80 13 
20 22 10 01 00 18 C2 93 14 22 02 24 80 13 14 22 
10 01 00 18 C2 93 18 22 02 24 80 13 18 22 10 01 
CE 0C CF 0D 2C 42 0D 43 80 00 AC AE 3C 50 0A 00 
2C 4C 4C FD 10 01 3C 50 0C 00 2C 4C 4C 4C 10 01 
0D 43 0E 43 B0 13 52 B5 10 01 1C 42 88 22 1D 42 
8A 22 10 01 3C 0C 0E 00 B0 13 94 A9 10 01 0D 93 
02 24 3D E0 00 80 10 01 7C 0D 00 00 7D 0C 04 00 
10 01 0F 43 B0 13 D6 C7 10 01 0E 43 B0 13 D2 CB 
10 01 0D 43 B0 13 6A BC 10 01 9C C3 00 00 10 01 
AC D2 00 00 10 01 D2 43 A0 22 10 01 92 C3 30 01 
10 01 9C C3 00 00 10 01 8C DD 00 00 10 01 03 43 
FF 3F 03 43 7C 40 2E 00 10 01 1C 43 10 01 10 01 
10 01 10 01 4F 14 1F 42 6E 05 3F 80 16 00 2D 24 
2F 83 53 20 82 93 86 22 03 20 82 93 84 22 1B 24 
92 83 84 22 82 73 86 22 0D 20 82 93 84 22 0A 20 
2F 00 00 22 7D 4F 60 0F 00 22 3C 40 40 05 B0 13 
4C D0 09 3C 2F 00 00 22 7D 4F 60 0F 00 22 3C 40 
40 05 B0 13 30 D3 82 93 86 22 2F 20 82 93 84 22 
2C 20 B1 C0 10 00 14 00 28 3C 82 93 86 22 03 20 
82 93 84 22 19 24 3C 40 40 05 B0 13 66 D6 2E 00 
00 22 CF 0E AF 00 01 00 60 0F 00 22 CE 4C 00 00 
92 83 84 22 82 73 86 22 07 20 92 93 84 22 04 20 
3C 40 40 05 B0 13 C0 D6 82 93 86 22 06 20 82 93 
84 22 03 20 B1 C0 10 00 14 00 4B 16 00 13 3F 14 
A2 93 9E 05 39 20 1E 42 8C 05 4E 4E 82 93 7E 22 
04 20 B2 90 00 02 7C 22 11 28 82 93 82 22 03 20 
92 93 80 22 06 24 C2 4E 00 20 00 18 D2 43 7C 22 
23 3C 92 53 78 22 82 63 7A 22 1E 3C 1D 43 0F 43 
1D 52 7C 22 1F 62 7E 22 1F 92 82 22 03 20 1D 92 
80 22 0E 24 1D 42 7C 22 1F 42 7E 22 CC 0D 1C 53 
0F 63 82 4C 7C 22 82 4F 7E 22 CD 4E 00 20 04 3C 
92 53 78 22 82 63 7A 22 3C 16 00 13 81 00 00 30 
B0 13 16 CE B0 13 EA D6 0C 93 02 24 B0 13 04 C6 
0C 43 B0 13 52 CE 1C 43 B0 13 DE D6 4F 14 92 53 
88 22 82 63 8A 22 3C 40 80 03 B0 13 D2 D6 4B 16 
00 13 32 D0 10 00 FD 3F 03 43 
@ff80
FF FF FF FF FF FF FF FF FF FF FF FF 
@ffa0
FF FF 
@ffce
62 D8 62 D8 62 D8 62 D8 62 D8 62 D8 62 D8 62 D8 
62 D8 F4 D6 AE D7 62 D8 62 D8 62 D8 62 D8 62 D8 
62 D8 62 D8 62 D8 62 D8 4C D8 62 D8 62 D8 62 D8 
2C D8 
q
